#bookid	sum(downnum)	sum(opennum)	sum(staytime)	sum(averagestaytime)
98	56927	162753	12539941	19083
74	25830	70623	170814802	95425
75	23482	58729	71608301	89510
47	20473	60558	6301454	35722
99	20215	53567	48840900	84934
43	18620	54246	152166150	81564
46	17329	40789	184445067	68771
100	15833	50850	25265592	53305
101	15065	61261	9780318	34657
92	14822	35338	135053915	90309
87	14820	36789	64472679	70477
41	13393	31582	63178620	58377
91	11944	30075	66753376	64334
84	11779	28538	83331009	81458
76	11543	33851	59783988	68959
49	10858	22530	40945204	75620
54	10190	24111	253479720	92357
58	9139	18501	264306088	106280
61	8940	20750	484608	5154
44	8714	23099	31128323	63821
77	7594	22458	25737949	62130
78	7245	21201	50296615	76879
45	6767	23209	62065319	79796
39	6685	20433	310009246	78098
94	6661	17925	19260461	47977
53	6640	20213	758104	10904
62	6480	16943	43134278	83468
79	6413	16987	65505956	103544
80	6321	13036	7087403	39997
57	6192	15916	138223539	105396
65	6154	16296	106704635	86721
66	6052	14681	147623617	76797
60	5813	16934	8396360	48896
42	5237	14504	18044729	60723
50	5073	16230	5459791	32467
83	4722	13218	22378072	49740
70	4487	12960	30093682	66861
63	4460	16854	39155889	54709
93	4423	12056	66586415	114733
89	3846	10399	45955192	59582
52	3674	12058	43559929	86253
40	3304	12138	21458825	60531
85	3175	10573	51371600	88179
81	3097	10559	25809182	64786
82	2598	8534	6972772	41200
95	2204	8559	5238023	43182
51	1637	7255	3703716	57347
96	1411	4759	19728410	107183
4128	20719	50658	28697198	12315
4129	16304	53798	10552770	9697
2599	9367	16153	18829690	41834
2595	8790	18787	10523742	22687
2596	7347	15448	7660236	32539
2598	6553	10245	9050799	26634
2597	6116	10388	7507652	34638
2601	5923	9891	3538859	22871
2600	5574	11523	1054977	9324
4127	5362	13255	684441	9253
8101	2647	5314	8565738	8060
2594	2409	4723	1888700	17176
8105	1991	4216	772688	3127
8104	1827	3761	3483162	8081
8103	855	4887	879138	5740
8106	494	1524	684358	5963
8108	457	1462	1034090	4883
8107	366	1118	653958	4070
8109	314	1043	131414	3858
7949	83	177	9437	8492