#bookid	sum(downnum)	sum(opennum)	sum(staytime)	sum(averagestaytime)	
98	1	1	0.040421006	0.142967224	1
74	0.452941383	0.43331119	0.550985388	0.826998548	1
75	0.411635353	0.36015156	0.23096422	0.773999606	1
47	0.358701006	0.371401683	0.020296842	0.292054191	1
99	0.354162269	0.328400256	0.157520945	0.732998226	1
43	0.326103019	0.332576764	0.490828409	0.702802717	1
46	0.303391739	0.249803169	0.594954012	0.588176263	1
100	0.277074098	0.311688072	0.081471518	0.449599484	1
101	0.263563437	0.375725814	0.03151899	0.282511693	1
92	0.259288579	0.216274235	0.435627617	0.781158719	1
87	0.259253395	0.225199291	0.20794607	0.603462179	1
41	0.234149602	0.193171194	0.203771684	0.495045069	1
91	0.208658785	0.183901683	0.215303162	0.548420336	1
84	0.205756104	0.174447643	0.26877943	0.701852947	1
76	0.201604391	0.207127743	0.192821251	0.58986076	1
49	0.189553867	0.137492619	0.132050943	0.649543931	1
54	0.177802407	0.147217301	0.817646578	0.799508987	1
58	0.159313208	0.112710363	0.852570367	0.924260344	1
61	0.155812399	0.126543893	0.001532811	0.018162106	1
44	0.151836605	0.14099252	0.100383565	0.543823809	1
77	0.132133559	0.137049749	0.082995251	0.528672294	1
78	0.125993948	0.129317981	0.162216803	0.660824687	1
45	0.117584969	0.141669127	0.200180388	0.686961274	1
39	0.116142425	0.124594036	1	0.671747039	1
94	0.115720217	0.109167405	0.062100116	0.401860115	1
53	0.115350785	0.123240823	0.002415056	0.069682634	1
62	0.112536064	0.103127153	0.139112476	0.719862731	1
79	0.111357399	0.103397795	0.211279224	0.899745533	1
80	0.109738935	0.079095315	0.022832162	0.330358583	1
57	0.107469566	0.096810107	0.445852217	0.916339623	1
65	0.10680107	0.099147476	0.34417827	0.74900991	1
66	0.105006685	0.08921366	0.476175068	0.660089959	1
60	0.100802195	0.103071794	0.027054607	0.410094439	1
42	0.0906692	0.088124938	0.058178397	0.516065445	1
50	0.087784111	0.098741512	0.017581798	0.262889092	1
83	0.081609317	0.080214792	0.072156932	0.417656757	1
70	0.077475195	0.078627842	0.097046011	0.571062488	1
63	0.077000211	0.102579717	0.126278955	0.462179453	1
93	0.076349307	0.073067365	0.214764577	1	1
89	0.066198719	0.062875209	0.148212204	0.50584198	1
52	0.063172894	0.073079667	0.140485545	0.744816587	1
40	0.056663852	0.073571745	0.069191617	0.514345107	1
85	0.054394483	0.063945478	0.165684499	0.762073724	1
81	0.053022307	0.063859364	0.083225035	0.552470297	1
82	0.044243896	0.051403651	0.022462385	0.341137573	1
95	0.037312645	0.051557425	0.016866417	0.358896475	1
51	0.027337978	0.043536561	0.011917036	0.485816175	1
96	0.023362184	0.028183742	0.06360963	0.932351307	1