#bookid	if(downnum>100,if(downnum>400,2,1),0)	if(opennum>100,if(opennum>400,2,1),0)	if(averagestaytime>300,if(averagestaytime>500,2,1),0)	if(downnum > 400,1,0)
2	2	2	1	1
182	2	2	1	1
98	2	2	0	1
4128	2	2	1	1
27	2	2	1	1
8	2	2	2	1
23	2	2	1	1
21	2	2	2	1
4129	2	2	1	1
117	2	2	2	1
121	2	2	1	1
97	2	2	1	1
15	2	2	1	1
183	2	2	1	1
113	2	2	2	1
16	2	2	1	1
112	2	2	0	1
118	2	2	2	1
22	2	2	0	1
7	2	2	2	1
195	2	2	2	1
74	2	2	2	1
18	2	2	1	1
119	2	2	2	1
75	2	2	2	1
141	2	2	0	1
37	2	2	2	1
20	2	2	1	1
103	2	2	1	1
102	2	2	2	1
166	2	2	1	1
171	2	2	0	1
2595	2	2	1	1
8093	2	2	0	1
2599	2	2	2	1
109	2	2	0	1
4126	2	2	0	1
47	2	2	1	1
72	2	2	2	1
26	2	2	1	1
43	1	2	2	0
46	1	2	1	0
3	1	2	2	0
17	1	2	0	0
31	1	2	0	0
59	1	2	1	0
114	1	2	1	0
139	1	2	2	0
101	1	2	1	0
4295	1	2	0	0
99	1	2	2	0
180	1	2	0	0
2600	1	2	0	0
8093	1	2	0	0
92	1	2	2	0
120	1	2	2	0
88	1	2	2	0
108	1	2	0	0
87	1	2	2	0
34	1	2	2	0
41	1	2	1	0
100	1	2	1	0
2596	1	2	1	0
163	1	2	2	0
152	1	2	2	0
2598	1	2	1	0
1	1	2	0	0
25	1	2	2	0
122	1	2	0	0
4300	1	2	1	0
4127	1	2	0	0
158	1	2	0	0
2597	1	2	2	0
2606	1	2	0	0
84	1	2	2	0
35	1	2	1	0
2601	1	2	1	0
4417	1	1	1	0
91	1	2	1	0
55	1	2	2	0
4475	1	2	1	0
153	1	2	2	0
48	1	2	2	0
76	1	2	2	0
49	1	2	2	0
44	1	2	1	0
4610	1	1	1	0
58	1	2	2	0
170	1	2	0	0
30	1	2	1	0
54	1	2	2	0
4285	1	1	0	0
4840	1	1	2	0
159	1	2	0	0
6120	1	1	0	0
4321	1	1	1	0
4181	1	1	1	0
2604	1	2	2	0
2605	1	2	2	0
4237	1	1	1	0
107	1	2	0	0
24	1	2	1	0
28	1	2	1	0
61	1	1	0	0
77	1	2	2	0
167	1	2	0	0
32	1	2	2	0
78	1	2	2	0
94	1	1	1	0
45	1	2	2	0
79	1	1	2	0
8095	1	1	2	0
19	1	2	1	0
4140	1	1	1	0
57	1	1	2	0
4209	1	1	2	0
39	1	1	2	0
4138	1	1	1	0
8092	1	1	0	0
4129	1	2	1	0
4192	1	1	1	0
8098	1	1	2	0
8096	1	1	1	0
33	1	2	2	0
62	1	1	2	0
64	1	1	1	0
65	1	1	2	0
66	1	1	2	0
8097	1	1	2	0
80	1	1	1	0
4526	1	1	2	0
60	1	1	2	0
4269	1	1	1	0
2	1	1	1	0
53	1	1	0	0
4183	1	1	1	0
4950	1	1	1	0
5010	1	1	1	0
5544	1	1	0	0
4128	1	1	1	0
2602	1	1	0	0
4249	1	1	2	0
161	1	2	2	0
42	1	1	1	0
5960	1	1	0	0
83	1	1	1	0
8099	1	1	1	0
8092	1	1	0	0
93	1	1	2	0
4549	1	1	0	0
146	1	1	2	0
172	1	1	1	0
4233	1	1	2	0
138	1	2	0	0
212	1	1	0	0
70	1	1	1	0
7455	1	1	0	0
4935	1	1	0	0
5851	0	1	0	0
2594	0	1	1	0
4512	0	1	1	0
8095	0	1	1	0
2603	0	1	2	0
38	0	1	0	0
8097	0	1	2	0
4148	0	1	2	0
4170	0	1	1	0
4413	0	1	1	0
7537	0	1	0	0
105	0	1	0	0
7555	0	1	0	0
8096	0	1	0	0
168	0	1	0	0
247	0	1	2	0
7821	0	1	0	0
8098	0	1	2	0
36	0	1	2	0
162	0	2	1	0
7010	0	1	1	0
4315	0	1	1	0
63	0	1	2	0
86	0	1	1	0
4175	0	1	2	0
4933	0	1	0	0
5364	0	1	0	0
29	0	1	2	0
52	0	1	2	0
8099	0	1	1	0
5997	0	1	0	0
7291	0	0	0	0
197	0	1	0	0
4221	0	1	1	0
4254	0	1	0	0
7632	0	0	0	0
116	0	1	1	0
89	0	1	2	0
4137	0	1	0	0
4279	0	1	1	0
4355	0	1	0	0
7093	0	1	0	0
157	0	1	0	0
4495	0	1	0	0
5077	0	1	0	0
81	0	1	2	0
151	0	1	0	0
5847	0	1	1	0
85	0	1	2	0
4966	0	1	1	0
7278	0	1	2	0
104	0	1	1	0
4392	0	1	0	0
8100	0	1	0	0
40	0	1	2	0
4361	0	1	0	0
56	0	1	1	0
201	0	1	1	0
4560	0	1	1	0
7938	0	0	0	0
148	0	1	0	0
4184	0	1	1	0
7040	0	0	0	0
7783	0	1	0	0
110	0	1	2	0
250	0	1	1	0
4435	0	1	2	0
7511	0	1	0	0
4372	0	1	1	0
4491	0	1	1	0
150	0	1	0	0
7518	0	1	0	0
115	0	1	2	0
4619	0	0	0	0
4781	0	0	2	0
4696	0	0	1	0
182	0	1	2	0
4675	0	0	2	0
213	0	1	0	0
7527	0	0	0	0
4513	0	1	0	0
4644	0	1	0	0
200	0	1	0	0
4317	0	1	2	0
8100	0	1	0	0
95	0	1	1	0
196	0	1	0	0
4134	0	1	1	0
4262	0	0	0	0
4475	0	0	1	0
4136	0	0	0	0
4188	0	1	1	0
7466	0	0	1	0
23	0	0	0	0
219	0	1	1	0
4245	0	1	0	0
6384	0	1	0	0
7755	0	0	0	0
4578	0	0	2	0
5058	0	1	1	0
7477	0	0	0	0
155	0	1	0	0
5241	0	0	2	0
6901	0	1	0	0
7316	0	0	0	0
4873	0	0	1	0
5555	0	0	1	0
6497	0	0	0	0
8	0	0	2	0
82	0	1	2	0
156	0	1	1	0
4235	0	1	1	0
4304	0	0	1	0
4796	0	1	0	0
241	0	1	0	0
4219	0	0	1	0
4724	0	0	1	0
6628	0	0	0	0
121	0	1	1	0
230	0	1	0	0
4272	0	1	1	0
4329	0	0	1	0
4623	0	1	0	0
7626	0	0	1	0
7734	0	1	2	0
117	0	1	1	0
183	0	0	2	0
4300	0	0	0	0
4150	0	1	2	0
5412	0	0	1	0
5452	0	0	0	0
7131	0	1	0	0
7277	0	0	1	0
8094	0	1	2	0
142	0	1	0	0
188	0	1	1	0
4389	0	0	0	0
5528	0	0	0	0
5964	0	0	0	0
7382	0	0	1	0
198	0	1	0	0
4309	0	0	0	0
4380	0	0	2	0
4506	0	0	0	0
4637	0	0	0	0
7121	0	0	1	0
7640	0	0	0	0
7887	0	0	1	0
7935	0	0	0	0
4417	0	0	0	0
236	0	0	0	0
4358	0	0	0	0
4596	0	0	1	0
6084	0	1	2	0
21	0	0	0	0
204	0	0	0	0
215	0	1	0	0
4261	0	0	1	0
4274	0	1	1	0
4302	0	1	1	0
6934	0	0	1	0
144	0	1	1	0
164	0	1	1	0
4152	0	0	0	0
4492	0	0	1	0
4540	0	0	0	0
4783	0	0	2	0
7296	0	0	1	0
7361	0	0	0	0
22	0	0	0	0
141	0	0	0	0
147	0	1	2	0
4207	0	0	2	0
4642	0	0	0	0
4790	0	0	0	0
5503	0	0	2	0
6453	0	0	0	0
7217	0	0	0	0
7307	0	0	0	0
7325	0	0	0	0
7358	0	0	0	0
7447	0	0	0	0
4127	0	0	0	0
4295	0	0	0	0
51	0	1	2	0
3964	0	0	1	0
4396	0	0	1	0
4448	0	1	0	0
4617	0	0	0	0
5396	0	0	1	0
6307	0	0	0	0
6886	0	0	0	0
118	0	0	2	0
195	0	0	2	0
8094	0	0	2	0
96	0	0	2	0
237	0	1	2	0
254	0	0	0	0
4308	0	0	1	0
4457	0	1	0	0
5398	0	0	0	0
6147	0	0	0	0
143	0	1	2	0
220	0	0	0	0
251	0	1	0	0
4351	0	0	1	0
4400	0	1	0	0
4460	0	0	0	0
7259	0	1	0	0
7688	0	0	0	0
4610	0	0	2	0
4370	0	0	0	0
4453	0	0	0	0
4533	0	0	1	0
5155	0	0	0	0
7609	0	0	0	0
7663	0	0	1	0
7847	0	0	0	0
8026	0	0	1	0
111	0	1	0	0
217	0	0	0	0
4335	0	0	0	0
4508	0	0	1	0
4980	0	0	1	0
5071	0	0	0	0
5193	0	0	2	0
5194	0	0	0	0
5400	0	0	0	0
5416	0	0	1	0
5853	0	0	2	0
6080	0	1	0	0
7963	0	0	2	0
209	0	1	0	0
226	0	0	2	0
4166	0	0	1	0
4428	0	0	2	0
4788	0	0	0	0
4893	0	0	0	0
5113	0	0	1	0
5563	0	1	0	0
6064	0	0	0	0
6172	0	0	0	0
7621	0	0	0	0
113	0	1	2	0
4840	0	0	2	0
199	0	0	0	0
4135	0	1	2	0
4199	0	0	2	0
4251	0	0	2	0
4684	0	0	2	0
4860	0	0	0	0
7480	0	0	2	0
7595	0	0	0	0
7645	0	0	0	0
7691	0	0	0	0
7776	0	0	0	0
2599	0	0	2	0
2606	0	0	0	0
4181	0	0	2	0
4183	0	0	1	0
165	0	1	0	0
239	0	1	0	0
4297	0	0	2	0
4455	0	1	2	0
4465	0	0	0	0
4541	0	0	1	0
4764	0	0	2	0
4998	0	0	0	0
5069	0	0	1	0
5525	0	0	0	0
6120	0	0	0	0
4218	0	0	2	0
4225	0	0	0	0
4281	0	0	0	0
4500	0	0	0	0
5068	0	0	0	0
5977	0	0	2	0
5990	0	0	1	0
7283	0	0	1	0
75	0	0	2	0
166	0	1	0	0
2596	0	0	0	0
4321	0	0	2	0
216	0	0	2	0
4205	0	0	1	0
4277	0	0	0	0
4450	0	0	0	0
4459	0	0	0	0
4586	0	0	2	0
4746	0	0	0	0
4829	0	0	2	0
4882	0	0	1	0
5045	0	0	0	0
5425	0	0	1	0
6986	0	0	0	0
7320	0	0	2	0
7784	0	0	1	0
2598	0	0	1	0
4285	0	0	0	0
242	0	0	0	0
4420	0	0	0	0
4499	0	0	2	0
4753	0	0	1	0
5111	0	0	2	0
5175	0	0	1	0
5226	0	0	0	0
5467	0	0	0	0
7604	0	0	2	0
252	0	0	0	0
4157	0	0	0	0
4253	0	0	0	0
4476	0	0	1	0
4497	0	0	0	0
4525	0	0	1	0
4970	0	0	0	0
5087	0	0	1	0
5907	0	0	2	0
7381	0	0	0	0
7492	0	0	0	0
7575	0	0	0	0
15	0	0	0	0
43	0	0	2	0
2601	0	0	1	0
4170	0	0	0	0
4514	0	1	0	0
4669	0	0	1	0
4779	0	0	0	0
4832	0	0	1	0
4909	0	0	1	0
5394	0	0	0	0
5578	0	0	2	0
5677	0	0	0	0
7049	0	0	1	0
7088	0	0	0	0
7207	0	0	0	0
7267	0	0	1	0
7273	0	0	0	0
7286	0	0	2	0
7359	0	0	0	0
7467	0	0	2	0
7787	0	0	2	0
8000	0	0	0	0
16	0	0	1	0
119	0	0	2	0
2595	0	0	1	0
4192	0	0	1	0
4209	0	0	1	0
4237	0	0	0	0
4549	0	0	0	0
160	0	1	0	0
208	0	0	0	0
227	0	0	0	0
231	0	0	1	0
4333	0	0	1	0
4616	0	0	0	0
4895	0	0	2	0
5732	0	0	0	0
6331	0	0	0	0
6473	0	0	0	0
7357	0	0	0	0
7367	0	0	0	0
7594	0	0	0	0
7	0	0	2	0
20	0	0	0	0
114	0	0	0	0
2597	0	0	1	0
4526	0	0	1	0
149	0	1	0	0
223	0	1	0	0
4159	0	0	0	0
4378	0	0	0	0
4429	0	0	2	0
4433	0	0	0	0
4482	0	0	1	0
4518	0	0	1	0
4572	0	0	0	0
4838	0	0	2	0
5162	0	0	1	0
5538	0	0	1	0
5576	0	0	0	0
6066	0	0	0	0
6324	0	0	0	0
6625	0	0	0	0
7265	0	0	1	0
7882	0	0	2	0
7964	0	0	0	0
7973	0	0	0	0
8087	0	0	2	0
41	0	0	0	0
4315	0	0	0	0
4413	0	0	2	0
7455	0	0	1	0
191	0	0	1	0
192	0	0	0	0
232	0	0	0	0
238	0	0	0	0
4256	0	0	2	0
4337	0	0	1	0
4548	0	0	0	0
4568	0	0	0	0
4656	0	0	2	0
4692	0	0	2	0
4822	0	0	2	0
4828	0	0	1	0
5288	0	0	2	0
5570	0	0	2	0
6090	0	0	0	0
6970	0	0	0	0
7603	0	0	1	0
7680	0	0	0	0
7905	0	0	0	0
8047	0	0	1	0
8061	0	0	0	0
101	0	0	1	0
2604	0	0	2	0
4249	0	0	2	0
4950	0	0	1	0
224	0	0	1	0
229	0	0	0	0
4487	0	0	2	0
4502	0	0	0	0
4530	0	0	2	0
4534	0	0	2	0
4618	0	0	1	0
5355	0	0	1	0
5622	0	0	1	0
5639	0	0	1	0
6012	0	0	0	0
6143	0	0	0	0
6578	0	0	0	0
7499	0	0	0	0
7720	0	0	0	0
7937	0	0	0	0
7970	0	0	0	0
8044	0	0	1	0
74	0	0	1	0
152	0	0	2	0
2605	0	0	2	0
5960	0	0	1	0
106	0	0	0	0
145	0	0	2	0
154	0	0	0	0
193	0	0	0	0
207	0	0	2	0
249	0	0	0	0
4146	0	0	1	0
4163	0	0	1	0
4223	0	0	1	0
4283	0	0	0	0
4483	0	0	0	0
4738	0	0	1	0
4849	0	0	2	0
5085	0	0	0	0
5187	0	0	0	0
5445	0	0	0	0
5470	0	0	1	0
5734	0	0	2	0
5745	0	0	0	0
5792	0	0	2	0
5824	0	0	2	0
6037	0	0	2	0
6049	0	0	0	0
6488	0	0	0	0
6584	0	0	0	0
6630	0	0	0	0
7330	0	0	0	0
7410	0	0	2	0
7418	0	0	0	0
7545	0	0	2	0
18	0	0	0	0
4140	0	0	0	0
4435	0	0	0	0
4935	0	0	1	0
5847	0	0	0	0
210	0	0	0	0
4173	0	0	2	0
4299	0	0	0	0
4422	0	0	1	0
4520	0	0	1	0
4556	0	0	1	0
4600	0	0	0	0
4624	0	0	1	0
4663	0	0	0	0
4737	0	0	0	0
4827	0	0	2	0
4834	0	0	0	0
4853	0	0	0	0
4978	0	0	1	0
5038	0	0	2	0
5440	0	0	2	0
5670	0	0	2	0
5956	0	0	0	0
6349	0	0	1	0
6512	0	0	2	0
6784	0	0	1	0
6906	0	0	0	0
7445	0	0	0	0
7451	0	0	0	0
7478	0	0	0	0
7538	0	0	0	0
7614	0	0	0	0
48	0	0	2	0
4233	0	0	2	0
4269	0	0	2	0
4512	0	0	1	0
5010	0	0	2	0
5412	0	0	2	0
5851	0	0	0	0
7632	0	0	0	0
186	0	0	0	0
202	0	0	0	0
218	0	0	0	0
4153	0	0	1	0
4172	0	0	1	0
4313	0	0	0	0
4415	0	0	0	0
4551	0	0	0	0
4591	0	0	1	0
4699	0	0	1	0
4744	0	0	0	0
4854	0	0	0	0
4886	0	0	2	0
4922	0	0	1	0
5409	0	0	1	0
5449	0	0	0	0
6364	0	0	2	0
6377	0	0	2	0
6750	0	0	0	0
7011	0	0	2	0
7187	0	0	0	0
7297	0	0	2	0
7475	0	0	1	0
17	0	0	0	0
184	0	1	0	0
211	0	0	0	0
225	0	0	1	0
235	0	0	0	0
240	0	0	0	0
4260	0	0	0	0
4374	0	0	1	0
4382	0	0	0	0
4419	0	0	0	0
4471	0	0	2	0
4484	0	0	0	0
4628	0	0	1	0
4686	0	0	2	0
4870	0	0	2	0
4946	0	0	1	0
5028	0	0	0	0
5131	0	0	0	0
5233	0	0	0	0
5473	0	0	0	0
5542	0	0	0	0
5604	0	0	0	0
6074	0	0	0	0
6316	0	0	0	0
6347	0	0	0	0
6372	0	0	0	0
7112	0	0	2	0
7294	0	0	0	0
7444	0	0	0	0
7457	0	0	2	0
7463	0	0	0	0
7560	0	0	0	0
3	0	0	2	0
46	0	0	1	0
47	0	0	1	0
84	0	0	2	0
4126	0	0	2	0
4138	0	0	0	0
4221	0	0	1	0
4357	0	0	2	0
4406	0	0	2	0
4580	0	0	1	0
4774	0	0	2	0
4794	0	0	2	0
4928	0	0	1	0
5154	0	0	1	0
5164	0	0	2	0
5168	0	0	0	0
5642	0	0	0	0
5878	0	0	0	0
5929	0	0	2	0
6054	0	0	1	0
6393	0	0	0	0
6405	0	0	1	0
6503	0	0	2	0
6602	0	0	0	0
6671	0	0	0	0
7133	0	0	0	0
7241	0	0	2	0
7266	0	0	2	0
7408	0	0	0	0
7591	0	0	1	0
7679	0	0	0	0
7684	0	0	0	0
7730	0	0	0	0
7745	0	0	1	0
7879	0	0	0	0
8054	0	0	0	0
91	0	0	2	0
98	0	0	0	0
120	0	0	1	0
4513	0	0	0	0
4696	0	0	0	0
5544	0	0	0	0
7010	0	0	0	0
7307	0	0	0	0
7511	0	0	0	0
7537	0	0	0	0
7821	0	0	0	0
187	0	0	0	0
246	0	0	0	0
4411	0	0	0	0
4542	0	0	0	0
4633	0	0	0	0
4819	0	0	0	0
5008	0	0	0	0
5032	0	0	2	0
5034	0	0	0	0
5039	0	0	0	0
5096	0	0	1	0
5146	0	0	0	0
5272	0	0	0	0
5306	0	0	2	0
5351	0	0	0	0
5549	0	0	0	0
5583	0	0	1	0
5585	0	0	0	0
5829	0	0	2	0
5831	0	0	1	0
5995	0	0	2	0
6112	0	0	1	0
6551	0	0	0	0
6711	0	0	0	0
6719	0	0	0	0
7046	0	0	1	0
7048	0	0	1	0
7102	0	0	2	0
7127	0	0	0	0
7140	0	0	0	0
7180	0	0	2	0
7199	0	0	2	0
7395	0	0	0	0
7428	0	0	2	0
7531	0	0	0	0
7835	0	0	2	0
31	0	0	0	0
49	0	0	2	0
55	0	0	1	0
87	0	0	2	0
92	0	0	2	0
122	0	0	0	0
163	0	0	1	0
2594	0	0	1	0
2600	0	0	2	0
4175	0	0	0	0
4302	0	0	2	0
4358	0	0	0	0
4361	0	0	0	0
4619	0	0	0	0
7093	0	0	0	0
185	0	0	0	0
203	0	0	0	0
4168	0	0	1	0
4177	0	0	0	0
4213	0	0	0	0
4275	0	0	0	0
4289	0	0	0	0
4451	0	0	0	0
4504	0	0	0	0
4582	0	0	0	0
4641	0	0	0	0
4646	0	0	0	0
4676	0	0	0	0
4719	0	0	0	0
4758	0	0	0	0
4878	0	0	0	0
4988	0	0	0	0
5014	0	0	0	0
5048	0	0	0	0
5232	0	0	1	0
5320	0	0	0	0
5810	0	0	0	0
6031	0	0	1	0
6181	0	0	0	0
6368	0	0	0	0
6510	0	0	0	0
6616	0	0	2	0
6947	0	0	0	0
6978	0	0	0	0
7006	0	0	0	0
7151	0	0	2	0
7182	0	0	0	0
7224	0	0	0	0
7274	0	0	2	0
7275	0	0	0	0
7345	0	0	0	0
7503	0	0	1	0
7548	0	0	0	0
7589	0	0	2	0
7616	0	0	2	0
7683	0	0	0	0
7707	0	0	0	0
7767	0	0	0	0
7883	0	0	0	0
7943	0	0	2	0
7956	0	0	0	0
39	0	0	2	0
58	0	0	1	0
94	0	0	0	0
4150	0	0	0	0
4372	0	0	0	0
4389	0	0	1	0
4495	0	0	0	0
4644	0	0	0	0
7626	0	0	2	0
4220	0	0	0	0
4265	0	0	2	0
4347	0	0	0	0
4353	0	0	2	0
4438	0	0	2	0
4446	0	0	2	0
4552	0	0	0	0
4678	0	0	0	0
4680	0	0	1	0
4701	0	0	0	0
4702	0	0	2	0
4748	0	0	2	0
4875	0	0	0	0
4880	0	0	1	0
4901	0	0	2	0
4938	0	0	2	0
5043	0	0	2	0
5098	0	0	0	0
5121	0	0	0	0
5148	0	0	2	0
5166	0	0	1	0
5181	0	0	1	0
5196	0	0	0	0
5206	0	0	2	0
5405	0	0	0	0
5523	0	0	2	0
5587	0	0	0	0
5616	0	0	0	0
5721	0	0	0	0
5866	0	0	0	0
6017	0	0	1	0
6055	0	0	0	0
6085	0	0	0	0
6443	0	0	0	0
6451	0	0	2	0
6563	0	0	0	0
6598	0	0	0	0
6608	0	0	0	0
6693	0	0	1	0
6769	0	0	1	0
6890	0	0	2	0
7030	0	0	0	0
7126	0	0	2	0
7202	0	0	0	0
7238	0	0	2	0
7300	0	0	0	0
7301	0	0	2	0
7346	0	0	0	0
7380	0	0	0	0
7471	0	0	2	0
7520	0	0	2	0
7566	0	0	2	0
7571	0	0	1	0
7652	0	0	2	0
7658	0	0	0	0
7758	0	0	0	0
7873	0	0	1	0
7918	0	0	0	0
7965	0	0	2	0
8011	0	0	1	0
44	0	0	2	0
57	0	0	2	0
76	0	0	2	0
102	0	0	2	0
112	0	0	0	0
180	0	0	0	0
4148	0	0	1	0
4279	0	0	2	0
4560	0	0	0	0
4637	0	0	0	0
4781	0	0	2	0
5997	0	0	0	0
205	0	0	0	0
221	0	0	0	0
222	0	0	0	0
233	0	0	2	0
4142	0	0	2	0
4431	0	0	0	0
4462	0	0	0	0
4524	0	0	1	0
4566	0	0	0	0
4585	0	0	0	0
4673	0	0	0	0
4682	0	0	0	0
4698	0	0	0	0
4811	0	0	0	0
4821	0	0	2	0
4824	0	0	0	0
4937	0	0	0	0
4954	0	0	0	0
4955	0	0	0	0
4958	0	0	0	0
5201	0	0	1	0
5223	0	0	2	0
5254	0	0	0	0
5406	0	0	0	0
5407	0	0	2	0
5411	0	0	0	0
5438	0	0	0	0
5451	0	0	0	0
5454	0	0	0	0
5489	0	0	0	0
5499	0	0	0	0
5598	0	0	2	0
6070	0	0	0	0
6161	0	0	0	0
6305	0	0	0	0
6434	0	0	0	0
6567	0	0	2	0
6618	0	0	2	0
6623	0	0	2	0
6632	0	0	0	0
6796	0	0	0	0
6865	0	0	0	0
6923	0	0	0	0
6953	0	0	1	0
7052	0	0	1	0
7105	0	0	0	0
7132	0	0	0	0
7148	0	0	2	0
7206	0	0	2	0
7220	0	0	1	0
7285	0	0	1	0
7489	0	0	0	0
7581	0	0	1	0
7611	0	0	1	0
7671	0	0	0	0
7774	0	0	0	0
7791	0	0	0	0
7792	0	0	0	0
7818	0	0	0	0
7848	0	0	0	0
7962	0	0	0	0
8069	0	0	1	0
70	0	0	2	0
100	0	0	1	0
109	0	0	0	0
139	0	0	2	0
153	0	0	1	0
171	0	0	1	0
4136	0	0	0	0
4235	0	0	2	0
4540	0	0	2	0
4675	0	0	2	0
4933	0	0	0	0
4966	0	0	0	0
5241	0	0	2	0
5396	0	0	1	0
5964	0	0	0	0
6084	0	0	2	0
7466	0	0	1	0
7527	0	0	0	0
7555	0	0	1	0
7783	0	0	0	0
190	0	0	2	0
243	0	0	0	0
244	0	0	0	0
4186	0	0	0	0
4331	0	0	1	0
4390	0	0	2	0
4407	0	0	2	0
4544	0	0	0	0
4576	0	0	0	0
4715	0	0	2	0
4728	0	0	0	0
4762	0	0	0	0
4785	0	0	1	0
4844	0	0	0	0
4902	0	0	0	0
4930	0	0	2	0
5135	0	0	0	0
5149	0	0	0	0
5199	0	0	0	0
5228	0	0	0	0
5268	0	0	0	0
5375	0	0	0	0
5384	0	0	0	0
5423	0	0	1	0
5429	0	0	0	0
5436	0	0	0	0
5459	0	0	0	0
5486	0	0	0	0
5568	0	0	0	0
5648	0	0	0	0
5675	0	0	2	0
5818	0	0	0	0
5898	0	0	0	0
5916	0	0	0	0
5917	0	0	2	0
5967	0	0	2	0
6001	0	0	2	0
6057	0	0	0	0
6082	0	0	2	0
6108	0	0	0	0
6232	0	0	0	0
6284	0	0	0	0
6289	0	0	0	0
6408	0	0	0	0
6413	0	0	2	0
6504	0	0	0	0
6522	0	0	0	0
6597	0	0	0	0
6634	0	0	0	0
6663	0	0	0	0
6669	0	0	0	0
6828	0	0	2	0
6913	0	0	0	0
6938	0	0	1	0
6944	0	0	0	0
6962	0	0	1	0
7385	0	0	0	0
7394	0	0	0	0
7423	0	0	0	0
7424	0	0	0	0
7506	0	0	0	0
7543	0	0	0	0
7557	0	0	0	0
7559	0	0	1	0
7563	0	0	0	0
7601	0	0	1	0
7650	0	0	0	0
7667	0	0	0	0
7698	0	0	2	0
7726	0	0	2	0
7765	0	0	0	0
7936	0	0	0	0
33	0	0	2	0
34	0	0	2	0
37	0	0	1	0
45	0	0	1	0
54	0	0	1	0
60	0	0	2	0
78	0	0	2	0
79	0	0	2	0
88	0	0	1	0
93	0	0	2	0
97	0	0	1	0
2602	0	0	0	0
4137	0	0	0	0
4254	0	0	0	0
4370	0	0	0	0
4448	0	0	0	0
4457	0	0	2	0
4491	0	0	0	0
4506	0	0	0	0
7040	0	0	0	0
7277	0	0	2	0
7291	0	0	1	0
7477	0	0	0	0
7776	0	0	0	0
7882	0	0	0	0
234	0	0	0	0
248	0	0	0	0
4325	0	0	0	0
4345	0	0	0	0
4376	0	0	0	0
4473	0	0	2	0
4635	0	0	0	0
4658	0	0	1	0
4720	0	0	0	0
4767	0	0	0	0
4813	0	0	0	0
4826	0	0	0	0
4862	0	0	2	0
4883	0	0	0	0
4918	0	0	0	0
4944	0	0	0	0
4952	0	0	2	0
5016	0	0	1	0
5050	0	0	0	0
5119	0	0	2	0
5133	0	0	1	0
5142	0	0	0	0
5157	0	0	0	0
5170	0	0	0	0
5212	0	0	0	0
5285	0	0	0	0
5509	0	0	0	0
5582	0	0	0	0
5593	0	0	2	0
5605	0	0	0	0
5737	0	0	2	0
5782	0	0	0	0
5798	0	0	0	0
5856	0	0	0	0
5870	0	0	0	0
5882	0	0	1	0
5902	0	0	0	0
5930	0	0	0	0
5940	0	0	0	0
5970	0	0	1	0
5989	0	0	1	0
6034	0	0	0	0
6118	0	0	2	0
6236	0	0	0	0
6329	0	0	0	0
6415	0	0	0	0
6677	0	0	2	0
6727	0	0	0	0
6778	0	0	0	0
6826	0	0	0	0
6870	0	0	0	0
6898	0	0	0	0
6911	0	0	0	0
6931	0	0	0	0
6988	0	0	0	0
6989	0	0	0	0
6991	0	0	0	0
6998	0	0	1	0
7028	0	0	1	0
7039	0	0	0	0
7042	0	0	2	0
7062	0	0	2	0
7097	0	0	2	0
7183	0	0	0	0
7205	0	0	0	0
7247	0	0	0	0
7279	0	0	0	0
7282	0	0	2	0
7321	0	0	0	0
7337	0	0	0	0
7339	0	0	0	0
7400	0	0	1	0
7403	0	0	0	0
7407	0	0	2	0
7459	0	0	0	0
7524	0	0	0	0
7554	0	0	0	0
7574	0	0	0	0
7576	0	0	0	0
7634	0	0	0	0
7662	0	0	0	0
7695	0	0	0	0
7699	0	0	2	0
7710	0	0	0	0
7738	0	0	1	0
7757	0	0	0	0
7833	0	0	0	0
7863	0	0	1	0
7895	0	0	0	0
7911	0	0	0	0
7927	0	0	0	0
7931	0	0	1	0
7944	0	0	0	0
8041	0	0	0	0
32	0	0	2	0
38	0	0	0	0
53	0	0	0	0
65	0	0	2	0
77	0	0	1	0
83	0	0	2	0
103	0	0	1	0
138	0	0	0	0
170	0	0	2	0
247	0	0	1	0
4188	0	0	2	0
4207	0	0	2	0
4380	0	0	2	0
4396	0	0	0	0
4514	0	0	1	0
4586	0	0	2	0
4617	0	0	0	0
5194	0	0	2	0
5467	0	0	0	0
5853	0	0	1	0
6901	0	0	0	0
7121	0	0	0	0
7480	0	0	0	0
7591	0	0	1	0
7640	0	0	0	0
8000	0	0	0	0
255	0	0	0	0
4258	0	0	0	0
4323	0	0	0	0
4388	0	0	1	0
4606	0	0	0	0
4659	0	0	1	0
4667	0	0	2	0
4688	0	0	0	0
4721	0	0	0	0
4722	0	0	0	0
4770	0	0	1	0
4792	0	0	0	0
4806	0	0	1	0
4817	0	0	2	0
4890	0	0	0	0
4915	0	0	0	0
5062	0	0	0	0
5064	0	0	2	0
5101	0	0	0	0
5123	0	0	0	0
5129	0	0	2	0
5141	0	0	0	0
5177	0	0	2	0
5203	0	0	0	0
5207	0	0	0	0
5208	0	0	2	0
5243	0	0	0	0
5250	0	0	0	0
5266	0	0	0	0
5286	0	0	0	0
5296	0	0	0	0
5308	0	0	0	0
5315	0	0	0	0
5332	0	0	1	0
5415	0	0	1	0
5432	0	0	0	0
5456	0	0	1	0
5468	0	0	1	0
5475	0	0	2	0
5493	0	0	0	0
5497	0	0	0	0
5595	0	0	2	0
5602	0	0	2	0
5609	0	0	1	0
5686	0	0	2	0
5730	0	0	0	0
5759	0	0	0	0
5809	0	0	0	0
5910	0	0	0	0
5923	0	0	1	0
5931	0	0	0	0
6043	0	0	2	0
6141	0	0	0	0
6298	0	0	0	0
6397	0	0	0	0
6555	0	0	2	0
6595	0	0	0	0
6610	0	0	0	0
6655	0	0	0	0
6904	0	0	0	0
6943	0	0	0	0
6956	0	0	0	0
6958	0	0	0	0
6976	0	0	1	0
6980	0	0	0	0
7020	0	0	0	0
7032	0	0	0	0
7061	0	0	0	0
7136	0	0	2	0
7146	0	0	0	0
7211	0	0	0	0
7298	0	0	0	0
7304	0	0	2	0
7308	0	0	1	0
7331	0	0	0	0
7355	0	0	0	0
7376	0	0	0	0
7443	0	0	0	0
7464	0	0	0	0
7476	0	0	0	0
7512	0	0	0	0
7534	0	0	0	0
7573	0	0	2	0
7579	0	0	0	0
7602	0	0	0	0
7627	0	0	0	0
7631	0	0	0	0
7756	0	0	0	0
7773	0	0	0	0
7780	0	0	0	0
7811	0	0	2	0
7816	0	0	0	0
7827	0	0	0	0
7842	0	0	0	0
7876	0	0	0	0
7978	0	0	0	0
8019	0	0	0	0
1	0	0	0	0
30	0	0	0	0
42	0	0	2	0
52	0	0	1	0
62	0	0	2	0
64	0	0	1	0
108	0	0	0	0
167	0	0	0	0
197	0	0	0	0
200	0	0	0	0
2603	0	0	1	0
4134	0	0	2	0
4157	0	0	0	0
4166	0	0	0	0
4272	0	0	2	0
4297	0	0	2	0
4309	0	0	0	0
4355	0	0	0	0
4392	0	0	0	0
4460	0	0	0	0
4518	0	0	1	0
4533	0	0	0	0
4534	0	0	0	0
4578	0	0	0	0
4790	0	0	0	0
4796	0	0	0	0
4882	0	0	0	0
4980	0	0	2	0
4998	0	0	0	0
5077	0	0	2	0
5087	0	0	0	0
5364	0	0	0	0
5398	0	0	0	0
5555	0	0	0	0
5563	0	0	0	0
6473	0	0	0	0
7278	0	0	2	0
7296	0	0	0	0
7316	0	0	0	0
7359	0	0	0	0
7361	0	0	0	0
7418	0	0	0	0
7447	0	0	0	0
7457	0	0	2	0
7518	0	0	0	0
7604	0	0	0	0
7734	0	0	0	0
7755	0	0	0	0
7973	0	0	0	0
8026	0	0	0	0
189	0	0	0	0
253	0	0	0	0
256	0	0	0	0
4144	0	0	1	0
4193	0	0	1	0
4217	0	0	2	0
4404	0	0	1	0
4436	0	0	0	0
4562	0	0	0	0
4681	0	0	0	0
4755	0	0	2	0
4775	0	0	2	0
4864	0	0	0	0
4984	0	0	0	0
5067	0	0	0	0
5092	0	0	0	0
5099	0	0	0	0
5109	0	0	0	0
5125	0	0	2	0
5139	0	0	0	0
5215	0	0	0	0
5218	0	0	2	0
5237	0	0	0	0
5248	0	0	0	0
5275	0	0	0	0
5283	0	0	0	0
5312	0	0	0	0
5357	0	0	0	0
5463	0	0	0	0
5481	0	0	0	0
5613	0	0	0	0
5630	0	0	2	0
5640	0	0	0	0
5695	0	0	0	0
5697	0	0	2	0
5703	0	0	0	0
5710	0	0	0	0
5757	0	0	1	0
5763	0	0	0	0
5804	0	0	0	0
5822	0	0	0	0
5854	0	0	0	0
5874	0	0	0	0
5887	0	0	0	0
5892	0	0	2	0
5914	0	0	0	0
6008	0	0	0	0
6062	0	0	0	0
6114	0	0	0	0
6126	0	0	0	0
6163	0	0	1	0
6166	0	0	0	0
6215	0	0	0	0
6268	0	0	0	0
6318	0	0	0	0
6320	0	0	0	0
6351	0	0	0	0
6382	0	0	0	0
6477	0	0	2	0
6516	0	0	1	0
6569	0	0	0	0
6583	0	0	0	0
6643	0	0	0	0
6646	0	0	1	0
6687	0	0	1	0
6709	0	0	2	0
6728	0	0	0	0
6752	0	0	0	0
6899	0	0	1	0
6955	0	0	2	0
6969	0	0	1	0
7003	0	0	0	0
7025	0	0	0	0
7051	0	0	1	0
7055	0	0	0	0
7059	0	0	2	0
7069	0	0	0	0
7085	0	0	1	0
7120	0	0	0	0
7124	0	0	2	0
7141	0	0	0	0
7200	0	0	2	0
7229	0	0	0	0
7268	0	0	1	0
7272	0	0	1	0
7280	0	0	2	0
7293	0	0	2	0
7303	0	0	0	0
7317	0	0	0	0
7332	0	0	1	0
7333	0	0	0	0
7354	0	0	0	0
7402	0	0	0	0
7405	0	0	0	0
7409	0	0	0	0
7417	0	0	0	0
7458	0	0	2	0
7462	0	0	2	0
7491	0	0	1	0
7496	0	0	0	0
7556	0	0	1	0
7568	0	0	0	0
7586	0	0	0	0
7607	0	0	0	0
7639	0	0	0	0
7697	0	0	0	0
7712	0	0	0	0
7717	0	0	0	0
7761	0	0	0	0
7796	0	0	0	0
7798	0	0	0	0
7807	0	0	0	0
7826	0	0	0	0
7854	0	0	0	0
7885	0	0	0	0
7915	0	0	0	0
7979	0	0	0	0
8023	0	0	0	0
56	0	0	2	0
59	0	0	2	0
63	0	0	0	0
81	0	0	2	0
95	0	0	0	0
96	0	0	0	0
150	0	0	0	0
198	0	0	0	0
204	0	0	0	0
236	0	0	0	0
3964	0	0	0	0
4219	0	0	0	0
4251	0	0	2	0
4262	0	0	0	0
4265	0	0	2	0
4274	0	0	0	0
4304	0	0	2	0
4308	0	0	0	0
4317	0	0	0	0
4329	0	0	0	0
4337	0	0	2	0
4378	0	0	0	0
4400	0	0	0	0
4420	0	0	0	0
4453	0	0	0	0
4455	0	0	2	0
4465	0	0	2	0
4492	0	0	0	0
4499	0	0	2	0
4500	0	0	0	0
4508	0	0	2	0
4596	0	0	0	0
4642	0	0	2	0
4669	0	0	0	0
4724	0	0	0	0
4738	0	0	0	0
4744	0	0	0	0
4758	0	0	0	0
4783	0	0	2	0
4788	0	0	0	0
4873	0	0	0	0
4893	0	0	0	0
4895	0	0	0	0
4922	0	0	0	0
4970	0	0	0	0
5058	0	0	0	0
5069	0	0	0	0
5113	0	0	0	0
5155	0	0	0	0
5162	0	0	0	0
5193	0	0	2	0
5406	0	0	0	0
5452	0	0	0	0
5525	0	0	0	0
5549	0	0	0	0
5677	0	0	0	0
5734	0	0	1	0
5745	0	0	0	0
5792	0	0	2	0
5824	0	0	0	0
6049	0	0	0	0
6066	0	0	0	0
6082	0	0	0	0
6143	0	0	1	0
6307	0	0	0	0
6331	0	0	0	0
6497	0	0	0	0
6986	0	0	0	0
7217	0	0	0	0
7259	0	0	0	0
7267	0	0	0	0
7283	0	0	2	0
7345	0	0	0	0
7358	0	0	0	0
7382	0	0	1	0
7410	0	0	2	0
7444	0	0	0	0
7467	0	0	2	0
7492	0	0	0	0
7538	0	0	0	0
7571	0	0	0	0
7594	0	0	0	0
7595	0	0	0	0
7621	0	0	0	0
7691	0	0	0	0
7887	0	0	2	0
7927	0	0	0	0
7935	0	0	0	0
7938	0	0	0	0
7970	0	0	0	0
8047	0	0	0	0
8054	0	0	0	0
206	0	0	0	0
4227	0	0	0	0
4394	0	0	0	0
4493	0	0	0	0
4531	0	0	2	0
4584	0	0	0	0
4654	0	0	1	0
4766	0	0	0	0
4777	0	0	0	0
4808	0	0	0	0
4908	0	0	0	0
4924	0	0	0	0
4942	0	0	2	0
4972	0	0	0	0
4982	0	0	0	0
5047	0	0	0	0
5081	0	0	0	0
5107	0	0	0	0
5225	0	0	0	0
5245	0	0	0	0
5292	0	0	0	0
5341	0	0	0	0
5344	0	0	0	0
5346	0	0	0	0
5446	0	0	0	0
5458	0	0	0	0
5472	0	0	0	0
5477	0	0	0	0
5559	0	0	1	0
5618	0	0	0	0
5669	0	0	0	0
5684	0	0	0	0
5689	0	0	0	0
5741	0	0	2	0
5802	0	0	0	0
5862	0	0	0	0
5889	0	0	0	0
6072	0	0	0	0
6092	0	0	0	0
6106	0	0	0	0
6137	0	0	2	0
6185	0	0	0	0
6225	0	0	0	0
6250	0	0	0	0
6282	0	0	0	0
6356	0	0	0	0
6375	0	0	0	0
6406	0	0	0	0
6492	0	0	0	0
6536	0	0	0	0
6581	0	0	0	0
6586	0	0	2	0
6591	0	0	0	0
6600	0	0	2	0
6614	0	0	0	0
6636	0	0	0	0
6647	0	0	0	0
6652	0	0	0	0
6654	0	0	0	0
6661	0	0	0	0
6812	0	0	0	0
6830	0	0	0	0
6832	0	0	0	0
6846	0	0	2	0
6882	0	0	0	0
6894	0	0	2	0
6941	0	0	0	0
6948	0	0	0	0
6961	0	0	0	0
6981	0	0	0	0
6984	0	0	0	0
6987	0	0	0	0
6992	0	0	0	0
7009	0	0	2	0
7024	0	0	1	0
7057	0	0	0	0
7084	0	0	0	0
7101	0	0	1	0
7134	0	0	1	0
7143	0	0	1	0
7156	0	0	0	0
7177	0	0	0	0
7188	0	0	0	0
7208	0	0	0	0
7232	0	0	0	0
7249	0	0	0	0
7252	0	0	0	0
7257	0	0	0	0
7262	0	0	0	0
7264	0	0	0	0
7281	0	0	0	0
7292	0	0	1	0
7302	0	0	0	0
7313	0	0	1	0
7329	0	0	2	0
7347	0	0	0	0
7350	0	0	1	0
7360	0	0	2	0
7425	0	0	0	0
7441	0	0	0	0
7442	0	0	0	0
7479	0	0	1	0
7494	0	0	0	0
7517	0	0	0	0
7519	0	0	0	0
7526	0	0	0	0
7532	0	0	0	0
7551	0	0	0	0
7578	0	0	0	0
7617	0	0	2	0
7635	0	0	1	0
7654	0	0	0	0
7656	0	0	0	0
7661	0	0	2	0
7665	0	0	0	0
7703	0	0	0	0
7739	0	0	0	0
7747	0	0	0	0
7749	0	0	0	0
7806	0	0	2	0
7825	0	0	0	0
7843	0	0	0	0
7844	0	0	0	0
7846	0	0	0	0
7868	0	0	0	0
7897	0	0	0	0
7898	0	0	0	0
7901	0	0	0	0
7912	0	0	0	0
7925	0	0	1	0
7933	0	0	0	0
7934	0	0	0	0
7941	0	0	0	0
7949	0	0	0	0
7995	0	0	0	0
8007	0	0	0	0
8029	0	0	0	0
8040	0	0	1	0
8072	0	0	1	0
8080	0	0	0	0
19	0	0	0	0
40	0	0	0	0
80	0	0	2	0
85	0	0	2	0
86	0	0	0	0
104	0	0	2	0
156	0	0	1	0
158	0	0	0	0
159	0	0	0	0
161	0	0	0	0
164	0	0	0	0
172	0	0	0	0
208	0	0	0	0
217	0	0	0	0
230	0	0	0	0
239	0	0	0	0
242	0	0	0	0
4135	0	0	0	0
4152	0	0	0	0
4153	0	0	0	0
4173	0	0	0	0
4184	0	0	0	0
4256	0	0	2	0
4261	0	0	0	0
4275	0	0	0	0
4299	0	0	0	0
4374	0	0	0	0
4406	0	0	0	0
4419	0	0	0	0
4428	0	0	0	0
4429	0	0	0	0
4431	0	0	0	0
4450	0	0	0	0
4471	0	0	0	0
4476	0	0	0	0
4524	0	0	1	0
4530	0	0	1	0
4572	0	0	0	0
4576	0	0	0	0
4616	0	0	2	0
4623	0	0	0	0
4680	0	0	2	0
4746	0	0	0	0
4764	0	0	0	0
4822	0	0	0	0
4828	0	0	0	0
4834	0	0	0	0
4908	0	0	0	0
4909	0	0	0	0
4928	0	0	1	0
4946	0	0	0	0
5039	0	0	0	0
5045	0	0	0	0
5068	0	0	0	0
5071	0	0	0	0
5085	0	0	0	0
5109	0	0	0	0
5164	0	0	0	0
5175	0	0	0	0
5351	0	0	0	0
5375	0	0	0	0
5400	0	0	0	0
5451	0	0	0	0
5528	0	0	0	0
5538	0	0	1	0
5578	0	0	2	0
5642	0	0	0	0
5670	0	0	0	0
5831	0	0	1	0
5902	0	0	0	0
5956	0	0	0	0
5990	0	0	0	0
6163	0	0	1	0
6172	0	0	0	0
6181	0	0	0	0
6347	0	0	0	0
6384	0	0	0	0
6488	0	0	0	0
6512	0	0	0	0
6551	0	0	0	0
6595	0	0	0	0
6602	0	0	0	0
6628	0	0	0	0
6671	0	0	0	0
6711	0	0	0	0
6750	0	0	0	0
6886	0	0	0	0
6934	0	0	1	0
6970	0	0	0	0
7006	0	0	0	0
7049	0	0	0	0
7102	0	0	0	0
7131	0	0	0	0
7187	0	0	0	0
7207	0	0	0	0
7286	0	0	2	0
7320	0	0	2	0
7325	0	0	0	0
7367	0	0	0	0
7403	0	0	0	0
7423	0	0	0	0
7463	0	0	0	0
7475	0	0	0	0
7520	0	0	2	0
7548	0	0	0	0
7575	0	0	0	0
7609	0	0	0	0
7663	0	0	1	0
7680	0	0	0	0
7707	0	0	0	0
7847	0	0	0	0
7963	0	0	0	0
7964	0	0	0	0
8044	0	0	0	0
8061	0	0	0	0
4368	0	0	0	0
4528	0	0	2	0
4538	0	0	0	0
4589	0	0	0	0
4631	0	0	0	0
4639	0	0	0	0
4757	0	0	0	0
4772	0	0	0	0
4786	0	0	2	0
4830	0	0	0	0
4851	0	0	0	0
4866	0	0	0	0
4872	0	0	0	0
4877	0	0	1	0
4906	0	0	0	0
4960	0	0	1	0
4994	0	0	1	0
5006	0	0	0	0
5012	0	0	0	0
5103	0	0	0	0
5128	0	0	0	0
5198	0	0	0	0
5205	0	0	0	0
5230	0	0	2	0
5239	0	0	0	0
5257	0	0	0	0
5322	0	0	0	0
5330	0	0	0	0
5347	0	0	0	0
5362	0	0	0	0
5413	0	0	0	0
5530	0	0	0	0
5537	0	0	0	0
5547	0	0	0	0
5567	0	0	0	0
5581	0	0	0	0
5589	0	0	0	0
5607	0	0	2	0
5658	0	0	0	0
5660	0	0	1	0
5728	0	0	0	0
5753	0	0	0	0
5786	0	0	0	0
5828	0	0	0	0
5833	0	0	0	0
5837	0	0	0	0
5842	0	0	0	0
5927	0	0	0	0
6010	0	0	0	0
6016	0	0	0	0
6029	0	0	0	0
6076	0	0	0	0
6110	0	0	0	0
6148	0	0	0	0
6150	0	0	0	0
6187	0	0	0	0
6230	0	0	0	0
6262	0	0	0	0
6274	0	0	0	0
6313	0	0	0	0
6327	0	0	0	0
6378	0	0	0	0
6429	0	0	0	0
6436	0	0	0	0
6439	0	0	0	0
6459	0	0	0	0
6487	0	0	0	0
6566	0	0	0	0
6606	0	0	0	0
6620	0	0	2	0
6675	0	0	0	0
6689	0	0	0	0
6721	0	0	0	0
6723	0	0	0	0
6747	0	0	0	0
6792	0	0	0	0
6859	0	0	0	0
6907	0	0	0	0
6916	0	0	0	0
6922	0	0	0	0
6926	0	0	2	0
6929	0	0	1	0
6935	0	0	0	0
6951	0	0	2	0
6968	0	0	2	0
6973	0	0	2	0
6979	0	0	0	0
7007	0	0	0	0
7018	0	0	0	0
7023	0	0	0	0
7033	0	0	1	0
7063	0	0	1	0
7070	0	0	0	0
7074	0	0	0	0
7091	0	0	0	0
7103	0	0	0	0
7111	0	0	1	0
7160	0	0	2	0
7196	0	0	0	0
7212	0	0	2	0
7215	0	0	0	0
7219	0	0	2	0
7223	0	0	0	0
7242	0	0	1	0
7245	0	0	0	0
7248	0	0	0	0
7250	0	0	0	0
7254	0	0	0	0
7256	0	0	0	0
7270	0	0	2	0
7289	0	0	0	0
7305	0	0	0	0
7306	0	0	2	0
7318	0	0	0	0
7323	0	0	0	0
7324	0	0	0	0
7348	0	0	0	0
7368	0	0	1	0
7369	0	0	0	0
7372	0	0	0	0
7399	0	0	2	0
7412	0	0	0	0
7415	0	0	0	0
7434	0	0	1	0
7436	0	0	2	0
7465	0	0	0	0
7481	0	0	0	0
7482	0	0	0	0
7528	0	0	2	0
7544	0	0	1	0
7549	0	0	0	0
7564	0	0	0	0
7570	0	0	0	0
7572	0	0	2	0
7590	0	0	2	0
7597	0	0	0	0
7633	0	0	2	0
7642	0	0	0	0
7664	0	0	1	0
7668	0	0	2	0
7673	0	0	0	0
7716	0	0	0	0
7718	0	0	2	0
7736	0	0	0	0
7741	0	0	0	0
7748	0	0	0	0
7753	0	0	1	0
7759	0	0	0	0
7762	0	0	0	0
7771	0	0	1	0
7789	0	0	0	0
7810	0	0	0	0
7814	0	0	0	0
7832	0	0	1	0
7840	0	0	0	0
7859	0	0	0	0
7870	0	0	0	0
7872	0	0	0	0
7880	0	0	0	0
7886	0	0	0	0
7891	0	0	0	0
7920	0	0	0	0
7939	0	0	0	0
7942	0	0	0	0
7950	0	0	0	0
7951	0	0	1	0
7957	0	0	2	0
7984	0	0	0	0
7986	0	0	2	0
7993	0	0	0	0
8021	0	0	0	0
8071	0	0	0	0
8076	0	0	0	0
8082	0	0	2	0
8089	0	0	2	0
26	0	0	0	0
51	0	0	1	0
61	0	0	0	0
66	0	0	2	0
72	0	0	2	0
89	0	0	2	0
116	0	0	0	0
142	0	0	0	0
144	0	0	0	0
146	0	0	2	0
147	0	0	0	0
151	0	0	0	0
154	0	0	0	0
155	0	0	2	0
157	0	0	0	0
160	0	0	0	0
196	0	0	0	0
201	0	0	0	0
202	0	0	0	0
207	0	0	0	0
213	0	0	1	0
215	0	0	0	0
223	0	0	0	0
238	0	0	0	0
240	0	0	0	0
241	0	0	0	0
249	0	0	0	0
250	0	0	0	0
251	0	0	0	0
252	0	0	0	0
254	0	0	0	0
4172	0	0	0	0
4177	0	0	0	0
4186	0	0	0	0
4193	0	0	1	0
4199	0	0	2	0
4213	0	0	0	0
4225	0	0	0	0
4281	0	0	0	0
4331	0	0	0	0
4333	0	0	2	0
4335	0	0	0	0
4351	0	0	0	0
4353	0	0	0	0
4357	0	0	2	0
4415	0	0	0	0
4433	0	0	0	0
4438	0	0	2	0
4459	0	0	0	0
4462	0	0	0	0
4482	0	0	2	0
4484	0	0	0	0
4502	0	0	0	0
4520	0	0	0	0
4556	0	0	2	0
4566	0	0	0	0
4580	0	0	0	0
4591	0	0	0	0
4618	0	0	0	0
4631	0	0	0	0
4641	0	0	0	0
4646	0	0	0	0
4656	0	0	0	0
4658	0	0	0	0
4659	0	0	0	0
4678	0	0	0	0
4684	0	0	1	0
4699	0	0	0	0
4737	0	0	0	0
4767	0	0	0	0
4774	0	0	0	0
4779	0	0	0	0
4794	0	0	0	0
4819	0	0	0	0
4821	0	0	0	0
4827	0	0	0	0
4829	0	0	0	0
4832	0	0	0	0
4838	0	0	0	0
4849	0	0	0	0
4860	0	0	0	0
4862	0	0	0	0
4880	0	0	2	0
4886	0	0	0	0
4918	0	0	0	0
4952	0	0	0	0
4955	0	0	0	0
5008	0	0	0	0
5014	0	0	0	0
5016	0	0	0	0
5028	0	0	0	0
5038	0	0	0	0
5043	0	0	0	0
5048	0	0	0	0
5081	0	0	0	0
5111	0	0	2	0
5131	0	0	0	0
5135	0	0	0	0
5141	0	0	0	0
5146	0	0	0	0
5157	0	0	1	0
5166	0	0	0	0
5177	0	0	0	0
5187	0	0	0	0
5201	0	0	0	0
5226	0	0	0	0
5232	0	0	0	0
5237	0	0	0	0
5332	0	0	0	0
5355	0	0	0	0
5357	0	0	0	0
5407	0	0	0	0
5416	0	0	1	0
5423	0	0	0	0
5425	0	0	2	0
5432	0	0	0	0
5449	0	0	0	0
5472	0	0	0	0
5473	0	0	2	0
5486	0	0	0	0
5489	0	0	0	0
5503	0	0	2	0
5509	0	0	0	0
5542	0	0	0	0
5583	0	0	0	0
5585	0	0	0	0
5602	0	0	0	0
5622	0	0	0	0
5686	0	0	0	0
5786	0	0	0	0
5802	0	0	0	0
5822	0	0	0	0
5854	0	0	0	0
5889	0	0	2	0
5907	0	0	0	0
5914	0	0	0	0
5917	0	0	0	0
5929	0	0	2	0
5989	0	0	0	0
6012	0	0	0	0
6031	0	0	0	0
6055	0	0	0	0
6070	0	0	0	0
6085	0	0	0	0
6108	0	0	0	0
6150	0	0	0	0
6161	0	0	2	0
6393	0	0	0	0
6453	0	0	1	0
6510	0	0	0	0
6516	0	0	0	0
6584	0	0	0	0
6598	0	0	0	0
6618	0	0	0	0
6623	0	0	2	0
6625	0	0	0	0
6661	0	0	0	0
6778	0	0	0	0
6906	0	0	0	0
6938	0	0	0	0
6962	0	0	0	0
6991	0	0	1	0
7007	0	0	0	0
7046	0	0	0	0
7055	0	0	0	0
7105	0	0	0	0
7132	0	0	0	0
7148	0	0	2	0
7151	0	0	2	0
7165	0	0	0	0
7199	0	0	0	0
7274	0	0	0	0
7282	0	0	2	0
7330	0	0	0	0
7333	0	0	0	0
7347	0	0	0	0
7357	0	0	0	0
7380	0	0	0	0
7407	0	0	0	0
7445	0	0	0	0
7451	0	0	0	0
7478	0	0	0	0
7494	0	0	0	0
7578	0	0	0	0
7589	0	0	0	0
7607	0	0	0	0
7630	0	0	0	0
7633	0	0	2	0
7635	0	0	0	0
7645	0	0	0	0
7658	0	0	0	0
7684	0	0	0	0
7688	0	0	0	0
7720	0	0	0	0
7730	0	0	0	0
7784	0	0	2	0
7872	0	0	0	0
7873	0	0	2	0
7879	0	0	0	0
7885	0	0	0	0
7905	0	0	0	0
7918	0	0	0	0
7925	0	0	0	0
7933	0	0	0	0
7937	0	0	0	0
7956	0	0	0	0
7957	0	0	2	0
7962	0	0	0	0
7987	0	0	0	0
8019	0	0	0	0
245	0	0	0	0
4133	0	0	0	0
4267	0	0	0	0
4327	0	0	0	0
4587	0	0	0	0
4706	0	0	0	0
4730	0	0	0	0
4731	0	0	0	0
4735	0	0	0	0
4846	0	0	0	0
4848	0	0	0	0
4916	0	0	0	0
4926	0	0	1	0
5002	0	0	0	0
5024	0	0	1	0
5083	0	0	0	0
5152	0	0	2	0
5159	0	0	0	0
5173	0	0	2	0
5210	0	0	2	0
5213	0	0	0	0
5221	0	0	0	0
5235	0	0	0	0
5294	0	0	0	0
5300	0	0	0	0
5310	0	0	0	0
5314	0	0	0	0
5339	0	0	0	0
5353	0	0	0	0
5379	0	0	2	0
5380	0	0	0	0
5386	0	0	0	0
5422	0	0	0	0
5431	0	0	0	0
5516	0	0	0	0
5532	0	0	0	0
5600	0	0	0	0
5620	0	0	0	0
5626	0	0	0	0
5634	0	0	2	0
5651	0	0	0	0
5656	0	0	0	0
5664	0	0	2	0
5666	0	0	0	0
5671	0	0	0	0
5678	0	0	0	0
5682	0	0	0	0
5706	0	0	1	0
5709	0	0	0	0
5716	0	0	0	0
5742	0	0	0	0
5756	0	0	0	0
5758	0	0	0	0
5770	0	0	0	0
5784	0	0	0	0
5807	0	0	0	0
5835	0	0	0	0
5840	0	0	0	0
5876	0	0	0	0
5890	0	0	0	0
5904	0	0	0	0
5906	0	0	0	0
5922	0	0	0	0
5942	0	0	0	0
5961	0	0	0	0
5978	0	0	1	0
5982	0	0	0	0
6006	0	0	0	0
6027	0	0	0	0
6039	0	0	0	0
6045	0	0	1	0
6052	0	0	0	0
6060	0	0	2	0
6068	0	0	0	0
6096	0	0	0	0
6097	0	0	0	0
6122	0	0	0	0
6125	0	0	2	0
6135	0	0	0	0
6168	0	0	1	0
6178	0	0	0	0
6189	0	0	0	0
6223	0	0	0	0
6228	0	0	0	0
6249	0	0	0	0
6278	0	0	0	0
6285	0	0	0	0
6309	0	0	0	0
6332	0	0	0	0
6341	0	0	0	0
6401	0	0	0	0
6403	0	0	0	0
6431	0	0	0	0
6433	0	0	0	0
6447	0	0	0	0
6448	0	0	1	0
6456	0	0	0	0
6481	0	0	0	0
6490	0	0	1	0
6495	0	0	0	0
6513	0	0	0	0
6525	0	0	0	0
6529	0	0	0	0
6545	0	0	0	0
6564	0	0	0	0
6572	0	0	0	0
6589	0	0	0	0
6593	0	0	0	0
6629	0	0	1	0
6649	0	0	0	0
6659	0	0	0	0
6666	0	0	0	0
6681	0	0	2	0
6685	0	0	0	0
6690	0	0	2	0
6695	0	0	0	0
6699	0	0	0	0
6732	0	0	0	0
6738	0	0	0	0
6743	0	0	0	0
6745	0	0	0	0
6761	0	0	0	0
6774	0	0	0	0
6844	0	0	0	0
6869	0	0	0	0
6895	0	0	0	0
6896	0	0	0	0
6910	0	0	0	0
6915	0	0	0	0
6918	0	0	0	0
6924	0	0	0	0
6930	0	0	0	0
6942	0	0	2	0
6946	0	0	0	0
6960	0	0	0	0
6971	0	0	0	0
6974	0	0	0	0
6977	0	0	0	0
6982	0	0	0	0
6985	0	0	0	0
6996	0	0	0	0
6999	0	0	0	0
7019	0	0	0	0
7027	0	0	0	0
7031	0	0	2	0
7038	0	0	0	0
7066	0	0	0	0
7073	0	0	0	0
7075	0	0	0	0
7079	0	0	0	0
7081	0	0	0	0
7082	0	0	0	0
7090	0	0	0	0
7096	0	0	0	0
7106	0	0	0	0
7107	0	0	2	0
7109	0	0	2	0
7113	0	0	0	0
7114	0	0	0	0
7117	0	0	0	0
7122	0	0	0	0
7159	0	0	0	0
7165	0	0	0	0
7167	0	0	0	0
7168	0	0	2	0
7169	0	0	2	0
7174	0	0	0	0
7176	0	0	0	0
7184	0	0	0	0
7186	0	0	0	0
7189	0	0	0	0
7192	0	0	0	0
7193	0	0	0	0
7194	0	0	0	0
7213	0	0	1	0
7227	0	0	2	0
7244	0	0	0	0
7276	0	0	0	0
7284	0	0	0	0
7288	0	0	2	0
7290	0	0	0	0
7295	0	0	2	0
7310	0	0	2	0
7319	0	0	0	0
7336	0	0	0	0
7340	0	0	0	0
7344	0	0	0	0
7351	0	0	1	0
7353	0	0	0	0
7364	0	0	0	0
7371	0	0	0	0
7374	0	0	0	0
7375	0	0	2	0
7377	0	0	1	0
7383	0	0	2	0
7384	0	0	0	0
7387	0	0	0	0
7391	0	0	0	0
7427	0	0	0	0
7429	0	0	0	0
7432	0	0	0	0
7433	0	0	1	0
7437	0	0	0	0
7439	0	0	0	0
7446	0	0	2	0
7449	0	0	0	0
7450	0	0	0	0
7454	0	0	0	0
7461	0	0	0	0
7468	0	0	0	0
7469	0	0	0	0
7484	0	0	0	0
7486	0	0	0	0
7488	0	0	0	0
7495	0	0	0	0
7497	0	0	0	0
7500	0	0	0	0
7513	0	0	0	0
7533	0	0	0	0
7536	0	0	0	0
7539	0	0	0	0
7541	0	0	0	0
7547	0	0	0	0
7553	0	0	0	0
7562	0	0	0	0
7565	0	0	0	0
7567	0	0	0	0
7596	0	0	2	0
7605	0	0	0	0
7610	0	0	0	0
7619	0	0	0	0
7622	0	0	2	0
7630	0	0	0	0
7638	0	0	0	0
7646	0	0	2	0
7648	0	0	0	0
7651	0	0	0	0
7660	0	0	0	0
7672	0	0	0	0
7674	0	0	0	0
7676	0	0	0	0
7687	0	0	0	0
7690	0	0	0	0
7701	0	0	0	0
7705	0	0	0	0
7706	0	0	0	0
7709	0	0	0	0
7711	0	0	0	0
7714	0	0	0	0
7715	0	0	0	0
7719	0	0	2	0
7740	0	0	0	0
7743	0	0	0	0
7752	0	0	0	0
7754	0	0	0	0
7760	0	0	0	0
7768	0	0	0	0
7775	0	0	0	0
7778	0	0	0	0
7786	0	0	0	0
7795	0	0	0	0
7797	0	0	0	0
7803	0	0	0	0
7808	0	0	0	0
7823	0	0	0	0
7839	0	0	0	0
7871	0	0	0	0
7902	0	0	0	0
7907	0	0	0	0
7921	0	0	1	0
7923	0	0	0	0
7924	0	0	2	0
7929	0	0	0	0
7940	0	0	0	0
7945	0	0	0	0
7947	0	0	0	0
7955	0	0	0	0
7959	0	0	0	0
7982	0	0	2	0
7987	0	0	0	0
7997	0	0	0	0
8013	0	0	2	0
8018	0	0	0	0
8031	0	0	0	0
8050	0	0	0	0
8078	0	0	0	0
8086	0	0	2	0
25	0	0	2	0
27	0	0	2	0
110	0	0	0	0
111	0	0	0	0
143	0	0	0	0
145	0	0	1	0
162	0	0	0	0
168	0	0	0	0
188	0	0	2	0
190	0	0	0	0
191	0	0	0	0
192	0	0	0	0
193	0	0	0	0
199	0	0	0	0
210	0	0	1	0
212	0	0	0	0
216	0	0	0	0
220	0	0	0	0
221	0	0	0	0
222	0	0	0	0
248	0	0	0	0
4144	0	0	1	0
4146	0	0	0	0
4163	0	0	0	0
4218	0	0	0	0
4223	0	0	0	0
4227	0	0	0	0
4245	0	0	0	0
4253	0	0	0	0
4258	0	0	0	0
4260	0	0	0	0
4277	0	0	0	0
4283	0	0	0	0
4289	0	0	0	0
4313	0	0	0	0
4323	0	0	0	0
4345	0	0	0	0
4347	0	0	0	0
4388	0	0	0	0
4390	0	0	0	0
4394	0	0	0	0
4422	0	0	0	0
4436	0	0	0	0
4451	0	0	0	0
4473	0	0	0	0
4483	0	0	0	0
4493	0	0	0	0
4497	0	0	0	0
4504	0	0	0	0
4525	0	0	0	0
4541	0	0	1	0
4542	0	0	0	0
4544	0	0	0	0
4548	0	0	0	0
4552	0	0	0	0
4555	0	0	0	0
4564	0	0	0	0
4568	0	0	0	0
4589	0	0	0	0
4606	0	0	0	0
4624	0	0	0	0
4628	0	0	0	0
4633	0	0	0	0
4663	0	0	0	0
4676	0	0	0	0
4686	0	0	0	0
4692	0	0	2	0
4701	0	0	0	0
4702	0	0	2	0
4715	0	0	0	0
4720	0	0	0	0
4722	0	0	0	0
4753	0	0	1	0
4777	0	0	0	0
4785	0	0	0	0
4786	0	0	0	0
4806	0	0	0	0
4808	0	0	0	0
4811	0	0	1	0
4824	0	0	0	0
4844	0	0	0	0
4864	0	0	0	0
4870	0	0	2	0
4878	0	0	0	0
4883	0	0	0	0
4906	0	0	0	0
4915	0	0	0	0
4924	0	0	0	0
4930	0	0	0	0
4937	0	0	0	0
4954	0	0	0	0
4958	0	0	0	0
4972	0	0	0	0
4978	0	0	0	0
4988	0	0	0	0
5012	0	0	0	0
5032	0	0	0	0
5047	0	0	0	0
5060	0	0	0	0
5067	0	0	0	0
5092	0	0	0	0
5096	0	0	1	0
5098	0	0	0	0
5101	0	0	0	0
5170	0	0	0	0
5206	0	0	1	0
5208	0	0	0	0
5228	0	0	0	0
5233	0	0	0	0
5239	0	0	0	0
5245	0	0	0	0
5248	0	0	0	0
5268	0	0	0	0
5286	0	0	0	0
5288	0	0	2	0
5306	0	0	2	0
5308	0	0	0	0
5310	0	0	0	0
5312	0	0	0	0
5330	0	0	0	0
5341	0	0	0	0
5362	0	0	0	0
5384	0	0	0	0
5394	0	0	0	0
5409	0	0	0	0
5411	0	0	0	0
5422	0	0	0	0
5438	0	0	0	0
5440	0	0	2	0
5445	0	0	0	0
5446	0	0	0	0
5454	0	0	0	0
5456	0	0	0	0
5470	0	0	0	0
5499	0	0	0	0
5523	0	0	1	0
5530	0	0	0	0
5567	0	0	0	0
5568	0	0	0	0
5576	0	0	0	0
5587	0	0	0	0
5595	0	0	1	0
5605	0	0	0	0
5613	0	0	0	0
5620	0	0	0	0
5639	0	0	2	0
5648	0	0	2	0
5650	0	0	0	0
5678	0	0	0	0
5710	0	0	0	0
5721	0	0	0	0
5732	0	0	0	0
5737	0	0	0	0
5782	0	0	0	0
5784	0	0	0	0
5790	0	0	0	0
5798	0	0	0	0
5818	0	0	0	0
5828	0	0	0	0
5829	0	0	2	0
5833	0	0	0	0
5837	0	0	0	0
5842	0	0	0	0
5845	0	0	0	0
5862	0	0	0	0
5872	0	0	0	0
5874	0	0	0	0
5876	0	0	0	0
5878	0	0	0	0
5906	0	0	0	0
5916	0	0	0	0
5930	0	0	0	0
5931	0	0	0	0
5940	0	0	0	0
5961	0	0	0	0
5967	0	0	0	0
5977	0	0	0	0
5992	0	0	0	0
5995	0	0	2	0
5999	0	0	0	0
6003	0	0	0	0
6010	0	0	0	0
6017	0	0	0	0
6029	0	0	0	0
6034	0	0	0	0
6037	0	0	0	0
6054	0	0	0	0
6062	0	0	0	0
6064	0	0	0	0
6072	0	0	0	0
6074	0	0	0	0
6080	0	0	0	0
6087	0	0	0	0
6090	0	0	0	0
6097	0	0	0	0
6126	0	0	0	0
6147	0	0	0	0
6148	0	0	0	0
6156	0	0	0	0
6215	0	0	0	0
6236	0	0	0	0
6262	0	0	0	0
6284	0	0	0	0
6305	0	0	0	0
6324	0	0	0	0
6349	0	0	0	0
6351	0	0	0	0
6356	0	0	0	0
6364	0	0	0	0
6368	0	0	0	0
6372	0	0	0	0
6377	0	0	1	0
6397	0	0	0	0
6405	0	0	0	0
6408	0	0	0	0
6413	0	0	0	0
6434	0	0	0	0
6504	0	0	0	0
6525	0	0	0	0
6572	0	0	0	0
6578	0	0	0	0
6581	0	0	0	0
6583	0	0	0	0
6586	0	0	0	0
6593	0	0	0	0
6597	0	0	0	0
6610	0	0	0	0
6614	0	0	0	0
6629	0	0	0	0
6630	0	0	0	0
6634	0	0	0	0
6636	0	0	0	0
6643	0	0	0	0
6647	0	0	0	0
6663	0	0	0	0
6685	0	0	0	0
6689	0	0	0	0
6693	0	0	0	0
6695	0	0	0	0
6699	0	0	0	0
6719	0	0	0	0
6721	0	0	0	0
6728	0	0	0	0
6732	0	0	0	0
6740	0	0	0	0
6769	0	0	0	0
6770	0	0	0	0
6792	0	0	0	0
6796	0	0	0	0
6823	0	0	0	0
6827	0	0	0	0
6865	0	0	0	0
6870	0	0	0	0
6894	0	0	0	0
6898	0	0	0	0
6899	0	0	0	0
6904	0	0	0	0
6907	0	0	0	0
6909	0	0	0	0
6911	0	0	0	0
6913	0	0	0	0
6916	0	0	0	0
6918	0	0	0	0
6924	0	0	0	0
6926	0	0	0	0
6930	0	0	0	0
6941	0	0	0	0
6947	0	0	0	0
6953	0	0	0	0
6955	0	0	2	0
6956	0	0	0	0
6958	0	0	0	0
6961	0	0	0	0
6969	0	0	0	0
6975	0	0	0	0
6976	0	0	1	0
6977	0	0	0	0
6979	0	0	0	0
6980	0	0	0	0
6982	0	0	0	0
6983	0	0	0	0
6996	0	0	0	0
7011	0	0	0	0
7019	0	0	0	0
7020	0	0	0	0
7024	0	0	2	0
7025	0	0	0	0
7029	0	0	0	0
7030	0	0	0	0
7032	0	0	0	0
7033	0	0	0	0
7039	0	0	0	0
7042	0	0	0	0
7045	0	0	0	0
7057	0	0	0	0
7058	0	0	0	0
7069	0	0	0	0
7074	0	0	0	0
7081	0	0	0	0
7084	0	0	0	0
7088	0	0	0	0
7101	0	0	1	0
7106	0	0	0	0
7124	0	0	0	0
7126	0	0	0	0
7127	0	0	0	0
7140	0	0	0	0
7141	0	0	0	0
7143	0	0	0	0
7156	0	0	0	0
7160	0	0	0	0
7171	0	0	0	0
7180	0	0	0	0
7182	0	0	0	0
7188	0	0	0	0
7194	0	0	0	0
7200	0	0	0	0
7205	0	0	0	0
7206	0	0	0	0
7211	0	0	0	0
7215	0	0	0	0
7223	0	0	0	0
7228	0	0	0	0
7232	0	0	0	0
7238	0	0	0	0
7241	0	0	2	0
7248	0	0	0	0
7249	0	0	0	0
7262	0	0	0	0
7266	0	0	0	0
7268	0	0	0	0
7272	0	0	0	0
7273	0	0	0	0
7279	0	0	0	0
7280	0	0	0	0
7281	0	0	0	0
7284	0	0	0	0
7285	0	0	0	0
7292	0	0	0	0
7293	0	0	0	0
7294	0	0	0	0
7297	0	0	0	0
7300	0	0	0	0
7303	0	0	0	0
7313	0	0	0	0
7319	0	0	0	0
7328	0	0	0	0
7329	0	0	2	0
7331	0	0	0	0
7332	0	0	0	0
7348	0	0	0	0
7371	0	0	0	0
7376	0	0	0	0
7381	0	0	0	0
7389	0	0	0	0
7395	0	0	0	0
7397	0	0	0	0
7408	0	0	0	0
7415	0	0	0	0
7424	0	0	0	0
7425	0	0	0	0
7428	0	0	0	0
7432	0	0	0	0
7436	0	0	1	0
7462	0	0	0	0
7464	0	0	0	0
7468	0	0	0	0
7469	0	0	0	0
7471	0	0	0	0
7481	0	0	0	0
7482	0	0	0	0
7489	0	0	0	0
7499	0	0	0	0
7505	0	0	0	0
7506	0	0	0	0
7512	0	0	0	0
7528	0	0	0	0
7531	0	0	0	0
7532	0	0	0	0
7534	0	0	0	0
7545	0	0	0	0
7551	0	0	0	0
7559	0	0	1	0
7560	0	0	0	0
7562	0	0	0	0
7567	0	0	0	0
7570	0	0	0	0
7576	0	0	0	0
7581	0	0	0	0
7586	0	0	0	0
7601	0	0	0	0
7603	0	0	0	0
7614	0	0	0	0
7634	0	0	0	0
7638	0	0	0	0
7652	0	0	0	0
7667	0	0	0	0
7668	0	0	2	0
7672	0	0	0	0
7679	0	0	0	0
7699	0	0	2	0
7709	0	0	0	0
7712	0	0	0	0
7714	0	0	0	0
7719	0	0	0	0
7745	0	0	2	0
7747	0	0	0	0
7750	0	0	0	0
7756	0	0	0	0
7757	0	0	0	0
7760	0	0	0	0
7765	0	0	0	0
7767	0	0	0	0
7771	0	0	0	0
7775	0	0	0	0
7780	0	0	0	0
7786	0	0	0	0
7787	0	0	2	0
7791	0	0	0	0
7806	0	0	1	0
7818	0	0	0	0
7835	0	0	0	0
7839	0	0	0	0
7843	0	0	0	0
7846	0	0	0	0
7854	0	0	0	0
7868	0	0	0	0
7876	0	0	0	0
7880	0	0	0	0
7883	0	0	0	0
7886	0	0	0	0
7891	0	0	0	0
7895	0	0	0	0
7904	0	0	0	0
7915	0	0	0	0
7919	0	0	0	0
7923	0	0	0	0
7931	0	0	0	0
7936	0	0	0	0
7940	0	0	0	0
7947	0	0	0	0
7978	0	0	0	0
7979	0	0	0	0
7993	0	0	0	0
7996	0	0	0	0
8041	0	0	0	0
8069	0	0	0	0
8072	0	0	1	0
8078	0	0	0	0
8086	0	0	0	0
8087	0	0	2	0
8091	0	0	0	0
4263	0	0	0	0
4467	0	0	1	0
4480	0	0	0	0
4555	0	0	0	0
4564	0	0	0	0
4750	0	0	0	0
4768	0	0	0	0
4842	0	0	0	0
4885	0	0	0	0
4932	0	0	0	0
4940	0	0	0	0
4948	0	0	0	0
4957	0	0	0	0
5030	0	0	0	0
5036	0	0	0	0
5060	0	0	0	0
5126	0	0	0	0
5137	0	0	0	0
5160	0	0	0	0
5247	0	0	0	0
5258	0	0	0	0
5277	0	0	0	0
5290	0	0	0	0
5298	0	0	0	0
5316	0	0	0	0
5328	0	0	1	0
5335	0	0	0	0
5390	0	0	0	0
5442	0	0	0	0
5444	0	0	0	0
5447	0	0	0	0
5479	0	0	0	0
5484	0	0	0	0
5495	0	0	0	0
5500	0	0	0	0
5522	0	0	0	0
5534	0	0	0	0
5540	0	0	0	0
5546	0	0	0	0
5572	0	0	0	0
5632	0	0	0	0
5637	0	0	0	0
5650	0	0	0	0
5668	0	0	2	0
5691	0	0	0	0
5701	0	0	0	0
5718	0	0	1	0
5725	0	0	0	0
5744	0	0	0	0
5747	0	0	0	0
5749	0	0	0	0
5766	0	0	0	0
5772	0	0	0	0
5790	0	0	0	0
5800	0	0	0	0
5806	0	0	0	0
5812	0	0	0	0
5820	0	0	0	0
5845	0	0	0	0
5872	0	0	0	0
5885	0	0	2	0
5918	0	0	0	0
5983	0	0	0	0
5985	0	0	0	0
5992	0	0	0	0
5993	0	0	0	0
5999	0	0	0	0
6003	0	0	0	0
6014	0	0	0	0
6023	0	0	0	0
6047	0	0	0	0
6050	0	0	0	0
6078	0	0	0	0
6087	0	0	0	0
6089	0	0	0	0
6103	0	0	0	0
6128	0	0	0	0
6156	0	0	0	0
6160	0	0	0	0
6165	0	0	0	0
6195	0	0	0	0
6201	0	0	0	0
6209	0	0	0	0
6226	0	0	0	0
6248	0	0	0	0
6254	0	0	0	0
6258	0	0	0	0
6260	0	0	0	0
6264	0	0	0	0
6277	0	0	0	0
6287	0	0	0	0
6297	0	0	0	0
6302	0	0	0	0
6304	0	0	0	0
6315	0	0	1	0
6340	0	0	0	0
6348	0	0	1	0
6353	0	0	0	0
6354	0	0	0	0
6380	0	0	0	0
6389	0	0	0	0
6391	0	0	0	0
6399	0	0	1	0
6423	0	0	0	0
6425	0	0	1	0
6438	0	0	0	0
6483	0	0	0	0
6506	0	0	0	0
6531	0	0	0	0
6532	0	0	0	0
6534	0	0	0	0
6549	0	0	0	0
6557	0	0	0	0
6576	0	0	0	0
6612	0	0	0	0
6635	0	0	0	0
6653	0	0	0	0
6665	0	0	0	0
6673	0	0	0	0
6684	0	0	1	0
6706	0	0	0	0
6707	0	0	0	0
6730	0	0	0	0
6736	0	0	0	0
6740	0	0	0	0
6770	0	0	0	0
6782	0	0	0	0
6786	0	0	0	0
6788	0	0	0	0
6790	0	0	0	0
6794	0	0	0	0
6798	0	0	0	0
6806	0	0	0	0
6816	0	0	0	0
6817	0	0	0	0
6819	0	0	0	0
6821	0	0	0	0
6823	0	0	0	0
6827	0	0	0	0
6853	0	0	0	0
6861	0	0	2	0
6888	0	0	0	0
6892	0	0	0	0
6900	0	0	0	0
6909	0	0	0	0
6914	0	0	0	0
6917	0	0	0	0
6920	0	0	0	0
6921	0	0	0	0
6925	0	0	2	0
6932	0	0	1	0
6937	0	0	0	0
6939	0	0	0	0
6945	0	0	0	0
6949	0	0	0	0
6950	0	0	0	0
6963	0	0	0	0
6965	0	0	2	0
6966	0	0	2	0
6967	0	0	0	0
6975	0	0	0	0
6983	0	0	0	0
7004	0	0	0	0
7008	0	0	0	0
7016	0	0	0	0
7022	0	0	0	0
7029	0	0	0	0
7034	0	0	0	0
7035	0	0	0	0
7045	0	0	0	0
7050	0	0	0	0
7056	0	0	0	0
7058	0	0	0	0
7060	0	0	0	0
7065	0	0	0	0
7068	0	0	0	0
7080	0	0	0	0
7083	0	0	0	0
7087	0	0	0	0
7089	0	0	0	0
7092	0	0	0	0
7094	0	0	0	0
7099	0	0	0	0
7104	0	0	0	0
7108	0	0	0	0
7118	0	0	0	0
7119	0	0	0	0
7123	0	0	0	0
7128	0	0	0	0
7129	0	0	0	0
7130	0	0	0	0
7135	0	0	0	0
7138	0	0	0	0
7142	0	0	0	0
7144	0	0	0	0
7145	0	0	0	0
7150	0	0	0	0
7152	0	0	0	0
7155	0	0	0	0
7158	0	0	0	0
7162	0	0	0	0
7163	0	0	0	0
7166	0	0	0	0
7171	0	0	0	0
7175	0	0	0	0
7181	0	0	0	0
7185	0	0	0	0
7190	0	0	2	0
7191	0	0	0	0
7195	0	0	0	0
7198	0	0	0	0
7218	0	0	0	0
7222	0	0	0	0
7225	0	0	0	0
7226	0	0	0	0
7228	0	0	0	0
7230	0	0	0	0
7231	0	0	0	0
7234	0	0	0	0
7235	0	0	0	0
7236	0	0	0	0
7243	0	0	0	0
7246	0	0	0	0
7253	0	0	0	0
7258	0	0	0	0
7263	0	0	0	0
7271	0	0	0	0
7315	0	0	0	0
7326	0	0	0	0
7328	0	0	0	0
7335	0	0	0	0
7349	0	0	2	0
7356	0	0	0	0
7363	0	0	0	0
7365	0	0	0	0
7366	0	0	0	0
7373	0	0	2	0
7379	0	0	0	0
7386	0	0	0	0
7389	0	0	0	0
7396	0	0	0	0
7397	0	0	0	0
7401	0	0	0	0
7406	0	0	0	0
7411	0	0	0	0
7419	0	0	0	0
7421	0	0	0	0
7426	0	0	0	0
7430	0	0	2	0
7435	0	0	0	0
7448	0	0	0	0
7452	0	0	0	0
7487	0	0	0	0
7493	0	0	0	0
7498	0	0	0	0
7502	0	0	0	0
7504	0	0	0	0
7505	0	0	0	0
7507	0	0	0	0
7515	0	0	0	0
7516	0	0	0	0
7521	0	0	2	0
7522	0	0	0	0
7523	0	0	0	0
7529	0	0	0	0
7540	0	0	0	0
7546	0	0	0	0
7558	0	0	0	0
7561	0	0	0	0
7582	0	0	1	0
7587	0	0	0	0
7598	0	0	0	0
7608	0	0	0	0
7615	0	0	0	0
7620	0	0	0	0
7644	0	0	0	0
7647	0	0	2	0
7649	0	0	0	0
7655	0	0	0	0
7659	0	0	0	0
7677	0	0	0	0
7681	0	0	1	0
7682	0	0	0	0
7686	0	0	1	0
7689	0	0	0	0
7692	0	0	0	0
7693	0	0	0	0
7708	0	0	0	0
7721	0	0	0	0
7725	0	0	0	0
7727	0	0	0	0
7733	0	0	0	0
7735	0	0	0	0
7746	0	0	0	0
7750	0	0	0	0
7772	0	0	0	0
7777	0	0	0	0
7785	0	0	0	0
7788	0	0	0	0
7793	0	0	0	0
7799	0	0	0	0
7800	0	0	0	0
7801	0	0	0	0
7802	0	0	0	0
7809	0	0	0	0
7812	0	0	0	0
7813	0	0	0	0
7815	0	0	0	0
7820	0	0	2	0
7822	0	0	0	0
7824	0	0	0	0
7828	0	0	0	0
7831	0	0	0	0
7838	0	0	0	0
7845	0	0	0	0
7852	0	0	0	0
7853	0	0	0	0
7855	0	0	0	0
7860	0	0	0	0
7861	0	0	0	0
7864	0	0	0	0
7889	0	0	0	0
7890	0	0	0	0
7894	0	0	0	0
7899	0	0	0	0
7900	0	0	0	0
7904	0	0	0	0
7909	0	0	0	0
7913	0	0	0	0
7914	0	0	0	0
7916	0	0	2	0
7919	0	0	0	0
7922	0	0	0	0
7952	0	0	0	0
7958	0	0	0	0
7960	0	0	0	0
7974	0	0	0	0
7975	0	0	0	0
7980	0	0	0	0
7996	0	0	0	0
7998	0	0	0	0
8003	0	0	2	0
8009	0	0	0	0
8012	0	0	0	0
8025	0	0	0	0
8027	0	0	2	0
8028	0	0	2	0
8030	0	0	0	0
8033	0	0	0	0
8043	0	0	0	0
8049	0	0	0	0
8057	0	0	0	0
8059	0	0	0	0
8081	0	0	0	0
8085	0	0	0	0
8090	0	0	0	0
8091	0	0	0	0
28	0	0	1	0
29	0	0	1	0
35	0	0	0	0
36	0	0	0	0
82	0	0	2	0
105	0	0	0	0
106	0	0	0	0
107	0	0	0	0
115	0	0	1	0
148	0	0	0	0
149	0	0	0	0
165	0	0	0	0
184	0	0	0	0
185	0	0	0	0
186	0	0	0	0
187	0	0	0	0
189	0	0	0	0
205	0	0	0	0
209	0	0	0	0
211	0	0	0	0
218	0	0	1	0
219	0	0	0	0
224	0	0	0	0
225	0	0	0	0
226	0	0	0	0
227	0	0	0	0
229	0	0	0	0
231	0	0	0	0
232	0	0	0	0
233	0	0	0	0
237	0	0	0	0
244	0	0	0	0
245	0	0	0	0
246	0	0	0	0
253	0	0	0	0
256	0	0	0	0
4133	0	0	0	0
4142	0	0	2	0
4159	0	0	0	0
4168	0	0	0	0
4205	0	0	0	0
4217	0	0	2	0
4220	0	0	0	0
4267	0	0	0	0
4271	0	0	0	0
4325	0	0	0	0
4368	0	0	0	0
4382	0	0	0	0
4404	0	0	0	0
4407	0	0	0	0
4411	0	0	0	0
4446	0	0	0	0
4480	0	0	0	0
4487	0	0	0	0
4528	0	0	2	0
4531	0	0	0	0
4551	0	0	0	0
4582	0	0	0	0
4584	0	0	0	0
4587	0	0	0	0
4600	0	0	0	0
4635	0	0	0	0
4639	0	0	0	0
4654	0	0	2	0
4667	0	0	0	0
4673	0	0	0	0
4681	0	0	0	0
4682	0	0	0	0
4688	0	0	0	0
4698	0	0	0	0
4704	0	0	0	0
4706	0	0	0	0
4719	0	0	0	0
4721	0	0	0	0
4728	0	0	0	0
4730	0	0	0	0
4731	0	0	0	0
4735	0	0	0	0
4742	0	0	0	0
4748	0	0	0	0
4755	0	0	0	0
4757	0	0	0	0
4762	0	0	0	0
4766	0	0	0	0
4768	0	0	0	0
4770	0	0	0	0
4772	0	0	0	0
4775	0	0	0	0
4792	0	0	0	0
4813	0	0	0	0
4826	0	0	0	0
4830	0	0	0	0
4848	0	0	0	0
4851	0	0	0	0
4853	0	0	0	0
4854	0	0	0	0
4856	0	0	0	0
4875	0	0	0	0
4877	0	0	1	0
4901	0	0	2	0
4938	0	0	2	0
4940	0	0	0	0
4948	0	0	0	0
4957	0	0	0	0
4982	0	0	0	0
4994	0	0	0	0
5030	0	0	0	0
5034	0	0	0	0
5050	0	0	0	0
5062	0	0	0	0
5064	0	0	0	0
5083	0	0	0	0
5103	0	0	0	0
5119	0	0	0	0
5121	0	0	0	0
5125	0	0	0	0
5126	0	0	0	0
5128	0	0	0	0
5129	0	0	2	0
5133	0	0	0	0
5142	0	0	0	0
5148	0	0	0	0
5151	0	0	0	0
5152	0	0	0	0
5154	0	0	2	0
5168	0	0	0	0
5171	0	0	0	0
5173	0	0	0	0
5181	0	0	0	0
5199	0	0	0	0
5205	0	0	0	0
5207	0	0	0	0
5212	0	0	0	0
5213	0	0	0	0
5218	0	0	0	0
5221	0	0	0	0
5223	0	0	2	0
5225	0	0	0	0
5230	0	0	0	0
5243	0	0	0	0
5247	0	0	0	0
5254	0	0	0	0
5257	0	0	0	0
5258	0	0	0	0
5272	0	0	0	0
5274	0	0	0	0
5275	0	0	0	0
5285	0	0	0	0
5294	0	0	0	0
5296	0	0	0	0
5300	0	0	0	0
5315	0	0	0	0
5316	0	0	0	0
5320	0	0	0	0
5322	0	0	0	0
5328	0	0	1	0
5337	0	0	0	0
5380	0	0	0	0
5386	0	0	0	0
5390	0	0	0	0
5405	0	0	0	0
5413	0	0	0	0
5459	0	0	0	0
5468	0	0	0	0
5475	0	0	2	0
5479	0	0	0	0
5481	0	0	0	0
5493	0	0	0	0
5495	0	0	0	0
5497	0	0	0	0
5516	0	0	0	0
5540	0	0	0	0
5547	0	0	0	0
5559	0	0	0	0
5565	0	0	0	0
5570	0	0	0	0
5572	0	0	0	0
5581	0	0	0	0
5582	0	0	0	0
5593	0	0	0	0
5596	0	0	0	0
5598	0	0	2	0
5604	0	0	0	0
5607	0	0	0	0
5616	0	0	0	0
5626	0	0	0	0
5628	0	0	0	0
5632	0	0	0	0
5656	0	0	0	0
5658	0	0	0	0
5660	0	0	1	0
5664	0	0	0	0
5669	0	0	0	0
5676	0	0	0	0
5682	0	0	0	0
5684	0	0	0	0
5691	0	0	0	0
5697	0	0	0	0
5701	0	0	0	0
5703	0	0	0	0
5730	0	0	0	0
5741	0	0	2	0
5742	0	0	0	0
5757	0	0	0	0
5764	0	0	0	0
5772	0	0	0	0
5800	0	0	0	0
5804	0	0	0	0
5806	0	0	0	0
5807	0	0	0	0
5809	0	0	0	0
5810	0	0	0	0
5812	0	0	0	0
5840	0	0	0	0
5856	0	0	0	0
5866	0	0	0	0
5882	0	0	0	0
5887	0	0	0	0
5892	0	0	0	0
5898	0	0	0	0
5910	0	0	0	0
5918	0	0	0	0
5923	0	0	0	0
5938	0	0	0	0
5942	0	0	0	0
5962	0	0	0	0
5970	0	0	0	0
5982	0	0	0	0
5985	0	0	0	0
5993	0	0	0	0
6001	0	0	2	0
6006	0	0	0	0
6008	0	0	0	0
6014	0	0	0	0
6023	0	0	0	0
6027	0	0	0	0
6033	0	0	0	0
6043	0	0	2	0
6045	0	0	0	0
6052	0	0	0	0
6057	0	0	0	0
6060	0	0	2	0
6094	0	0	0	0
6096	0	0	0	0
6106	0	0	0	0
6110	0	0	0	0
6112	0	0	0	0
6114	0	0	0	0
6118	0	0	0	0
6122	0	0	0	0
6125	0	0	2	0
6128	0	0	0	0
6166	0	0	0	0
6168	0	0	1	0
6180	0	0	0	0
6189	0	0	0	0
6193	0	0	0	0
6201	0	0	0	0
6203	0	0	0	0
6223	0	0	0	0
6225	0	0	0	0
6232	0	0	0	0
6234	0	0	0	0
6250	0	0	0	0
6258	0	0	0	0
6260	0	0	0	0
6268	0	0	0	0
6281	0	0	0	0
6289	0	0	2	0
6300	0	0	0	0
6304	0	0	0	0
6309	0	0	0	0
6316	0	0	0	0
6327	0	0	0	0
6329	0	0	1	0
6348	0	0	0	0
6353	0	0	0	0
6354	0	0	0	0
6360	0	0	0	0
6375	0	0	0	0
6378	0	0	0	0
6382	0	0	0	0
6406	0	0	0	0
6409	0	0	0	0
6415	0	0	0	0
6425	0	0	0	0
6431	0	0	0	0
6433	0	0	0	0
6436	0	0	0	0
6443	0	0	0	0
6447	0	0	0	0
6457	0	0	0	0
6459	0	0	0	0
6481	0	0	0	0
6483	0	0	0	0
6487	0	0	0	0
6490	0	0	0	0
6503	0	0	0	0
6506	0	0	0	0
6527	0	0	0	0
6549	0	0	0	0
6555	0	0	1	0
6557	0	0	0	0
6561	0	0	0	0
6563	0	0	0	0
6567	0	0	2	0
6579	0	0	0	0
6591	0	0	0	0
6606	0	0	0	0
6608	0	0	0	0
6612	0	0	0	0
6616	0	0	0	0
6620	0	0	0	0
6627	0	0	0	0
6632	0	0	0	0
6635	0	0	0	0
6646	0	0	0	0
6649	0	0	0	0
6651	0	0	0	0
6655	0	0	0	0
6669	0	0	0	0
6673	0	0	0	0
6675	0	0	0	0
6677	0	0	0	0
6687	0	0	0	0
6692	0	0	0	0
6730	0	0	0	0
6736	0	0	0	0
6743	0	0	0	0
6755	0	0	0	0
6761	0	0	0	0
6782	0	0	0	0
6784	0	0	0	0
6790	0	0	0	0
6817	0	0	0	0
6821	0	0	0	0
6826	0	0	0	0
6828	0	0	0	0
6830	0	0	0	0
6832	0	0	0	0
6859	0	0	0	0
6861	0	0	0	0
6872	0	0	0	0
6890	0	0	2	0
6893	0	0	0	0
6895	0	0	0	0
6896	0	0	0	0
6900	0	0	0	0
6908	0	0	0	0
6910	0	0	0	0
6914	0	0	0	0
6915	0	0	0	0
6917	0	0	0	0
6919	0	0	0	0
6922	0	0	0	0
6923	0	0	0	0
6929	0	0	0	0
6932	0	0	0	0
6933	0	0	0	0
6935	0	0	0	0
6937	0	0	0	0
6939	0	0	0	0
6948	0	0	0	0
6949	0	0	0	0
6950	0	0	0	0
6951	0	0	2	0
6954	0	0	0	0
6960	0	0	0	0
6963	0	0	0	0
6965	0	0	2	0
6967	0	0	0	0
6968	0	0	0	0
6978	0	0	0	0
6984	0	0	0	0
6989	0	0	0	0
6992	0	0	0	0
6997	0	0	0	0
6998	0	0	0	0
7003	0	0	0	0
7008	0	0	0	0
7009	0	0	0	0
7015	0	0	0	0
7016	0	0	0	0
7022	0	0	0	0
7023	0	0	0	0
7026	0	0	0	0
7031	0	0	0	0
7036	0	0	0	0
7037	0	0	0	0
7048	0	0	1	0
7050	0	0	0	0
7051	0	0	0	0
7052	0	0	0	0
7054	0	0	0	0
7059	0	0	0	0
7062	0	0	2	0
7064	0	0	0	0
7065	0	0	0	0
7066	0	0	0	0
7071	0	0	0	0
7072	0	0	0	0
7073	0	0	0	0
7075	0	0	0	0
7078	0	0	0	0
7079	0	0	0	0
7080	0	0	0	0
7083	0	0	0	0
7085	0	0	0	0
7092	0	0	0	0
7097	0	0	0	0
7100	0	0	0	0
7103	0	0	0	0
7107	0	0	0	0
7108	0	0	0	0
7109	0	0	0	0
7110	0	0	0	0
7114	0	0	0	0
7115	0	0	0	0
7117	0	0	0	0
7120	0	0	0	0
7122	0	0	0	0
7129	0	0	0	0
7136	0	0	0	0
7138	0	0	0	0
7144	0	0	0	0
7145	0	0	0	0
7150	0	0	0	0
7152	0	0	0	0
7155	0	0	0	0
7157	0	0	0	0
7161	0	0	0	0
7162	0	0	0	0
7174	0	0	0	0
7176	0	0	0	0
7177	0	0	0	0
7178	0	0	0	0
7181	0	0	0	0
7183	0	0	0	0
7184	0	0	0	0
7185	0	0	0	0
7190	0	0	0	0
7198	0	0	0	0
7202	0	0	0	0
7208	0	0	0	0
7209	0	0	0	0
7212	0	0	0	0
7214	0	0	0	0
7216	0	0	0	0
7219	0	0	0	0
7220	0	0	0	0
7222	0	0	0	0
7224	0	0	0	0
7226	0	0	0	0
7230	0	0	0	0
7231	0	0	0	0
7234	0	0	0	0
7236	0	0	0	0
7240	0	0	0	0
7247	0	0	0	0
7250	0	0	0	0
7251	0	0	0	0
7253	0	0	0	0
7260	0	0	0	0
7264	0	0	0	0
7265	0	0	0	0
7275	0	0	0	0
7290	0	0	0	0
7298	0	0	1	0
7301	0	0	0	0
7302	0	0	0	0
7306	0	0	0	0
7308	0	0	1	0
7309	0	0	0	0
7312	0	0	0	0
7317	0	0	0	0
7318	0	0	0	0
7321	0	0	0	0
7323	0	0	0	0
7327	0	0	0	0
7335	0	0	0	0
7336	0	0	0	0
7339	0	0	0	0
7343	0	0	0	0
7346	0	0	0	0
7349	0	0	0	0
7350	0	0	0	0
7354	0	0	0	0
7355	0	0	0	0
7356	0	0	0	0
7360	0	0	0	0
7364	0	0	0	0
7368	0	0	0	0
7369	0	0	0	0
7373	0	0	0	0
7375	0	0	2	0
7377	0	0	0	0
7383	0	0	2	0
7386	0	0	0	0
7388	0	0	0	0
7392	0	0	0	0
7394	0	0	0	0
7396	0	0	0	0
7398	0	0	0	0
7399	0	0	0	0
7400	0	0	0	0
7401	0	0	0	0
7405	0	0	0	0
7406	0	0	0	0
7411	0	0	0	0
7433	0	0	0	0
7441	0	0	0	0
7443	0	0	0	0
7446	0	0	1	0
7449	0	0	0	0
7454	0	0	0	0
7456	0	0	0	0
7458	0	0	0	0
7459	0	0	0	0
7472	0	0	0	0
7476	0	0	0	0
7479	0	0	0	0
7483	0	0	0	0
7490	0	0	0	0
7497	0	0	0	0
7503	0	0	0	0
7507	0	0	0	0
7508	0	0	0	0
7510	0	0	0	0
7514	0	0	0	0
7517	0	0	0	0
7519	0	0	0	0
7521	0	0	2	0
7524	0	0	0	0
7525	0	0	0	0
7539	0	0	0	0
7540	0	0	0	0
7541	0	0	0	0
7543	0	0	0	0
7544	0	0	0	0
7546	0	0	0	0
7549	0	0	0	0
7552	0	0	0	0
7556	0	0	0	0
7563	0	0	0	0
7564	0	0	0	0
7566	0	0	0	0
7572	0	0	0	0
7585	0	0	0	0
7596	0	0	0	0
7605	0	0	0	0
7608	0	0	0	0
7611	0	0	0	0
7616	0	0	2	0
7617	0	0	0	0
7636	0	0	0	0
7639	0	0	0	0
7646	0	0	2	0
7647	0	0	2	0
7650	0	0	0	0
7653	0	0	0	0
7656	0	0	0	0
7660	0	0	0	0
7661	0	0	1	0
7662	0	0	0	0
7666	0	0	0	0
7669	0	0	0	0
7671	0	0	0	0
7673	0	0	0	0
7674	0	0	0	0
7675	0	0	0	0
7683	0	0	0	0
7687	0	0	0	0
7690	0	0	0	0
7692	0	0	0	0
7695	0	0	0	0
7697	0	0	0	0
7698	0	0	2	0
7701	0	0	0	0
7703	0	0	0	0
7704	0	0	0	0
7710	0	0	0	0
7711	0	0	0	0
7715	0	0	0	0
7717	0	0	0	0
7718	0	0	0	0
7724	0	0	0	0
7726	0	0	0	0
7728	0	0	0	0
7737	0	0	0	0
7738	0	0	0	0
7741	0	0	0	0
7748	0	0	0	0
7749	0	0	0	0
7751	0	0	0	0
7753	0	0	0	0
7758	0	0	0	0
7761	0	0	0	0
7768	0	0	0	0
7769	0	0	0	0
7772	0	0	0	0
7773	0	0	0	0
7777	0	0	0	0
7781	0	0	0	0
7788	0	0	0	0
7792	0	0	0	0
7796	0	0	0	0
7797	0	0	0	0
7798	0	0	0	0
7801	0	0	0	0
7803	0	0	0	0
7811	0	0	2	0
7813	0	0	0	0
7814	0	0	0	0
7819	0	0	0	0
7820	0	0	0	0
7823	0	0	0	0
7824	0	0	0	0
7827	0	0	0	0
7830	0	0	0	0
7832	0	0	2	0
7844	0	0	0	0
7850	0	0	0	0
7853	0	0	0	0
7855	0	0	0	0
7857	0	0	0	0
7858	0	0	0	0
7860	0	0	0	0
7862	0	0	0	0
7863	0	0	0	0
7875	0	0	0	0
7878	0	0	0	0
7889	0	0	0	0
7890	0	0	0	0
7896	0	0	0	0
7899	0	0	0	0
7900	0	0	0	0
7902	0	0	0	0
7906	0	0	0	0
7907	0	0	0	0
7909	0	0	0	0
7910	0	0	0	0
7911	0	0	0	0
7917	0	0	0	0
7921	0	0	0	0
7922	0	0	0	0
7929	0	0	0	0
7934	0	0	0	0
7939	0	0	0	0
7941	0	0	0	0
7943	0	0	0	0
7949	0	0	0	0
7951	0	0	0	0
7953	0	0	0	0
7954	0	0	0	0
7959	0	0	0	0
7965	0	0	0	0
7977	0	0	0	0
7982	0	0	1	0
7986	0	0	1	0
7990	0	0	0	0
7991	0	0	0	0
8003	0	0	2	0
8011	0	0	0	0
8012	0	0	0	0
8020	0	0	0	0
8023	0	0	0	0
8025	0	0	0	0
8027	0	0	0	0
8028	0	0	0	0
8031	0	0	0	0
8033	0	0	0	0
8038	0	0	0	0
8039	0	0	0	0
8048	0	0	0	0
8050	0	0	0	0
8053	0	0	0	0
8059	0	0	0	0
8066	0	0	0	0
8068	0	0	0	0
8075	0	0	0	0
8076	0	0	0	0
8077	0	0	0	0
8081	0	0	0	0
8082	0	0	0	0
8085	0	0	0	0
8089	0	0	2	0
8090	0	0	0	0
4271	0	0	0	0
4366	0	0	0	0
4516	0	0	0	0
4704	0	0	0	0
4714	0	0	0	0
4742	0	0	0	0
4856	0	0	0	0
4899	0	0	0	0
5151	0	0	0	0
5171	0	0	0	0
5217	0	0	0	0
5264	0	0	0	0
5274	0	0	0	0
5324	0	0	0	0
5326	0	0	0	0
5334	0	0	0	0
5337	0	0	0	0
5465	0	0	0	0
5488	0	0	0	0
5501	0	0	0	0
5515	0	0	0	0
5526	0	0	0	0
5535	0	0	0	0
5557	0	0	0	0
5565	0	0	0	0
5596	0	0	0	0
5624	0	0	0	0
5628	0	0	0	0
5636	0	0	0	0
5643	0	0	0	0
5655	0	0	0	0
5662	0	0	0	0
5676	0	0	0	0
5707	0	0	0	0
5726	0	0	0	0
5735	0	0	0	0
5764	0	0	0	0
5778	0	0	0	0
5838	0	0	0	0
5849	0	0	0	0
5858	0	0	0	0
5868	0	0	0	0
5884	0	0	0	0
5938	0	0	0	0
5962	0	0	0	0
5966	0	0	0	0
5986	0	0	0	0
5987	0	0	0	0
6033	0	0	0	0
6058	0	0	0	0
6094	0	0	0	0
6145	0	0	0	0
6180	0	0	2	0
6193	0	0	0	0
6203	0	0	0	0
6234	0	0	0	0
6238	0	0	0	0
6240	0	0	0	0
6246	0	0	0	0
6256	0	0	0	0
6266	0	0	0	0
6272	0	0	0	0
6281	0	0	0	0
6295	0	0	0	0
6300	0	0	0	0
6326	0	0	0	0
6358	0	0	0	0
6360	0	0	0	0
6386	0	0	0	0
6387	0	0	0	0
6392	0	0	0	0
6409	0	0	0	0
6427	0	0	0	0
6445	0	0	0	0
6449	0	0	0	0
6457	0	0	0	0
6461	0	0	0	0
6463	0	0	0	0
6465	0	0	0	0
6467	0	0	0	0
6493	0	0	0	0
6508	0	0	0	0
6515	0	0	0	0
6527	0	0	0	0
6561	0	0	0	0
6570	0	0	0	0
6579	0	0	0	0
6621	0	0	0	0
6627	0	0	0	0
6638	0	0	0	0
6642	0	0	0	0
6651	0	0	0	0
6686	0	0	0	0
6692	0	0	0	0
6701	0	0	0	0
6703	0	0	0	0
6704	0	0	0	0
6755	0	0	0	0
6763	0	0	0	0
6765	0	0	0	0
6780	0	0	0	0
6800	0	0	0	0
6838	0	0	0	0
6840	0	0	0	0
6867	0	0	0	0
6872	0	0	0	0
6874	0	0	0	0
6880	0	0	0	0
6884	0	0	0	0
6891	0	0	0	0
6893	0	0	0	0
6897	0	0	0	0
6902	0	0	0	0
6903	0	0	0	0
6908	0	0	0	0
6912	0	0	0	0
6919	0	0	0	0
6933	0	0	0	0
6936	0	0	0	0
6940	0	0	0	0
6952	0	0	0	0
6954	0	0	0	0
6957	0	0	0	0
6959	0	0	0	0
6964	0	0	0	0
6972	0	0	0	0
6994	0	0	0	0
6995	0	0	0	0
6997	0	0	0	0
7000	0	0	0	0
7001	0	0	0	0
7002	0	0	0	0
7005	0	0	0	0
7013	0	0	0	0
7014	0	0	0	0
7015	0	0	0	0
7017	0	0	0	0
7026	0	0	0	0
7036	0	0	0	0
7037	0	0	0	0
7041	0	0	0	0
7043	0	0	0	0
7047	0	0	0	0
7053	0	0	0	0
7054	0	0	0	0
7064	0	0	0	0
7071	0	0	0	0
7072	0	0	0	0
7076	0	0	0	0
7077	0	0	0	0
7078	0	0	0	0
7086	0	0	0	0
7095	0	0	0	0
7098	0	0	0	0
7100	0	0	0	0
7110	0	0	0	0
7115	0	0	0	0
7116	0	0	0	0
7125	0	0	0	0
7137	0	0	0	0
7147	0	0	0	0
7149	0	0	0	0
7154	0	0	0	0
7157	0	0	0	0
7161	0	0	0	0
7170	0	0	0	0
7172	0	0	0	0
7173	0	0	0	0
7178	0	0	0	0
7179	0	0	0	0
7197	0	0	0	0
7201	0	0	0	0
7204	0	0	0	0
7209	0	0	0	0
7210	0	0	0	0
7214	0	0	0	0
7216	0	0	0	0
7221	0	0	0	0
7233	0	0	0	0
7237	0	0	0	0
7239	0	0	0	0
7240	0	0	0	0
7251	0	0	0	0
7255	0	0	0	0
7260	0	0	0	0
7261	0	0	0	0
7269	0	0	0	0
7287	0	0	0	0
7299	0	0	0	0
7309	0	0	0	0
7312	0	0	0	0
7314	0	0	0	0
7322	0	0	0	0
7327	0	0	0	0
7334	0	0	0	0
7341	0	0	0	0
7342	0	0	0	0
7343	0	0	0	0
7352	0	0	0	0
7370	0	0	0	0
7378	0	0	0	0
7388	0	0	0	0
7390	0	0	0	0
7392	0	0	0	0
7393	0	0	0	0
7398	0	0	0	0
7404	0	0	0	0
7413	0	0	0	0
7414	0	0	0	0
7420	0	0	0	0
7422	0	0	0	0
7431	0	0	0	0
7438	0	0	0	0
7440	0	0	0	0
7453	0	0	0	0
7456	0	0	0	0
7460	0	0	0	0
7470	0	0	0	0
7472	0	0	0	0
7473	0	0	0	0
7474	0	0	0	0
7483	0	0	0	0
7485	0	0	0	0
7490	0	0	0	0
7508	0	0	0	0
7510	0	0	0	0
7514	0	0	0	0
7525	0	0	0	0
7530	0	0	0	0
7535	0	0	0	0
7542	0	0	0	0
7550	0	0	0	0
7552	0	0	0	0
7569	0	0	0	0
7577	0	0	0	0
7580	0	0	0	0
7584	0	0	0	0
7585	0	0	0	0
7588	0	0	0	0
7592	0	0	0	0
7593	0	0	0	0
7599	0	0	0	0
7606	0	0	0	0
7612	0	0	0	0
7613	0	0	0	0
7618	0	0	0	0
7624	0	0	0	0
7625	0	0	0	0
7628	0	0	0	0
7629	0	0	0	0
7636	0	0	0	0
7637	0	0	0	0
7643	0	0	0	0
7653	0	0	0	0
7657	0	0	0	0
7666	0	0	0	0
7669	0	0	0	0
7670	0	0	0	0
7675	0	0	0	0
7678	0	0	0	0
7685	0	0	0	0
7694	0	0	0	0
7696	0	0	0	0
7702	0	0	0	0
7704	0	0	0	0
7713	0	0	0	0
7722	0	0	0	0
7723	0	0	0	0
7724	0	0	0	0
7728	0	0	0	0
7731	0	0	0	0
7732	0	0	0	0
7737	0	0	0	0
7742	0	0	0	0
7744	0	0	0	0
7751	0	0	0	0
7764	0	0	0	0
7766	0	0	0	0
7769	0	0	0	0
7779	0	0	0	0
7781	0	0	0	0
7782	0	0	0	0
7790	0	0	0	0
7794	0	0	0	0
7805	0	0	0	0
7817	0	0	0	0
7819	0	0	0	0
7829	0	0	0	0
7830	0	0	0	0
7834	0	0	0	0
7837	0	0	0	0
7841	0	0	0	0
7849	0	0	0	0
7850	0	0	0	0
7856	0	0	0	0
7857	0	0	0	0
7858	0	0	0	0
7862	0	0	2	0
7866	0	0	0	0
7867	0	0	0	0
7874	0	0	0	0
7875	0	0	0	0
7877	0	0	0	0
7878	0	0	0	0
7881	0	0	0	0
7884	0	0	0	0
7888	0	0	0	0
7896	0	0	0	0
7903	0	0	0	0
7906	0	0	0	0
7910	0	0	0	0
7917	0	0	0	0
7926	0	0	0	0
7928	0	0	0	0
7932	0	0	0	0
7948	0	0	0	0
7953	0	0	0	0
7954	0	0	0	0
7961	0	0	0	0
7967	0	0	0	0
7968	0	0	0	0
7969	0	0	0	0
7972	0	0	0	0
7976	0	0	0	0
7977	0	0	0	0
7981	0	0	0	0
7985	0	0	0	0
7988	0	0	0	0
7990	0	0	0	0
7991	0	0	0	0
7992	0	0	0	0
7994	0	0	0	0
7999	0	0	0	0
8002	0	0	0	0
8004	0	0	0	0
8008	0	0	0	0
8014	0	0	0	0
8016	0	0	0	0
8020	0	0	0	0
8022	0	0	0	0
8024	0	0	0	0
8032	0	0	0	0
8035	0	0	0	0
8037	0	0	0	0
8038	0	0	0	0
8039	0	0	0	0
8042	0	0	0	0
8048	0	0	0	0
8052	0	0	0	0
8053	0	0	0	0
8055	0	0	0	0
8058	0	0	0	0
8062	0	0	0	0
8063	0	0	0	0
8065	0	0	0	0
8066	0	0	0	0
8068	0	0	0	0
8074	0	0	0	0
8075	0	0	0	0
8077	0	0	0	0
8083	0	0	0	0
8088	0	0	0	0
