#
1	79	4	15	337	1
2	72	39	121	323	1
3	91	19	60	251	1
4	104	15	58	460	1
5	9	8	36	520	1
6	74	12	45	1220	1
7	155	18	48	1245	1
8	6	10	49	1719	1
9	14	21	28	1483	1
10	154	36	79	1860	1
11	12	21	32	1119	1
12	708	1035	2718	4581	1
13	111	26	53	1929	1
14	76	4	12	2426	1
15	7	7	32	3466	1
16	110	55	105	2388	1
17	52	9	35	6408	1
18	87	21	50	4626	1
19	71	11	28	5333	1
20	84	14	43	9255	1
21	4	11	20	536	1
22	466	1380	227	298	1
97	26	53	1929	256	0
96	8	10	35	575	0
95	87	244	2029	730	0
94	5	26	3	332	0
93	13	33	469	294	0
92	13	21	2086	244	0
91	1	2	1973	1901	0
90	5	22	4292	680	0